Date,Open,High,Low,Close,Volume,Dividends,Stock Splits,daily_return,cum_return,moving_average,upper_band,lower_band,Conversion,Baseline,SpanA,SpanB,Lagging
2017-04-20,50.344615962015645,50.44931905244056,48.90728511313631,49.39274215698242,2880144,0.0,0.0,,,,,,,,,,49.08848190307617
2017-04-21,49.23091836507808,49.57359172849685,48.8977614494634,49.506961822509766,2208619,0.0,0.0,0.0023124787274277914,1.0023124787274278,,,,,,,,49.05037307739258
2017-04-24,50.03049217936616,50.16375568463568,48.93583848653987,49.088138580322266,1874331,0.0,0.0,-0.00845988577705592,0.993833029644476,,,,,,,,48.87890625
2017-04-25,48.8216054301936,48.89775546750851,47.89828853577486,48.26000213623047,3989183,0.0,0.0,-0.016870398186656144,0.9770666707033228,,,,,,,,49.46953201293945
2017-04-26,48.383753731421216,48.85969062254465,48.18386031100617,48.51701354980469,4499717,0.0,0.0,0.005325557442967366,0.9822700953837622,,,,,,,,50.231632232666016
2017-04-27,48.54557321169824,48.80258010856264,48.183863220592855,48.6502799987793,2036441,0.0,0.0,0.0027467982718640815,0.9849681931842661,,,,,,,,49.94585418701172
2017-04-28,48.55501127260416,48.60264186673368,47.52618230879635,48.10728073120117,2748239,0.039331,0.0,-0.011161277336774855,0.9739746900122345,,,,,,,,49.73625946044922
2017-05-01,48.3263970595999,48.5264470794363,47.8881903183839,47.90724182128906,2123903,0.0,0.0,-0.004158183685954442,0.9699247243456931,,,,,,,,49.926795959472656
2017-05-02,47.869130368973536,48.06918035351113,47.48808189944187,47.80244827270508,2020576,0.0,0.0,-0.0021874260466695494,0.9678030857403506,,,,48.96870047594122,,,,49.66957092285156
2017-05-03,47.74530024790128,48.01203238552021,47.00225465011573,47.373779296875,2316421,0.0,0.0,-0.008967510897864295,0.9591243010219873,,,,48.5830051673757,,,,49.53621673583984
2017-05-04,47.43092206441802,47.74528842680712,47.326136972687074,47.4213981628418,1277962,0.0,0.0,0.001005173466705811,0.9600883873206474,,,,48.5830051673757,,,,50.19351196289063
2017-05-05,47.64050104301508,47.72623463838754,47.30708317191769,47.43092346191406,1540755,0.0,0.0,0.0002008649985298927,0.9602812354731551,,,,47.950005058812124,,,,51.108036041259766
2017-05-08,47.42139697874806,47.64049844977946,47.22134700612546,47.48807907104492,1105784,0.0,0.0,0.0012050283856850363,0.9614384016201409,,,,47.93097263633019,,,,51.37477493286133
2017-05-09,47.44997702302471,48.33591428667063,47.44997702302471,48.25970458984375,2016304,0.0,0.0,0.01624882568200814,0.9770606466120552,,,,47.902417379339184,,,,50.5840950012207
2017-05-10,48.13586257388131,48.19302076839148,47.65002531200936,48.17396926879883,1508211,0.0,0.0,-0.0017765405274147161,0.9753248587756068,,,,47.802448258424704,,,,50.422142028808594
2017-05-11,48.06918120767215,48.65027967206718,47.82150062200848,48.57406997680664,1868738,0.0,0.0,0.008305329913243176,0.9834252535003255,,,,47.82626716109145,,,,50.24115753173828
2017-05-12,48.53596267213995,48.53596267213995,47.90723361806474,48.00249481201172,1026560,0.0,0.0,-0.011767084064972066,0.9718532058707707,,,,47.82626716109145,,,,51.31761169433594
2017-05-15,48.16444061595014,48.812221153766366,48.1072824226922,48.6121711730957,1547976,0.0,0.0,0.012700930721863735,0.9841966461103565,,,,47.907237901941045,,,,50.72698974609375
2017-05-16,48.81221519416759,49.00274124985491,48.21206532542932,48.99321365356445,1287115,0.0,0.0,0.00783841723736134,0.9919111900661811,,,,48.11204412799019,,,,49.926795959472656
2017-05-17,48.993222347336136,48.993222347336136,47.77387089663834,47.88818359375,1822261,0.0,0.0,-0.022554757637011202,0.969538873576799,48.272504806518555,49.53156153543125,47.01344807760586,48.11204412799019,,,,49.65052795410156
2017-05-18,47.878656047124096,49.059904498629145,47.5642933579306,48.67885971069336,1893552,0.0,0.0,0.01651088134081058,0.9855468148737287,48.2368106842041,49.402882803320544,47.07073856508766,48.140625752377304,,,,49.97442626953125
2017-05-19,48.85985628704103,49.84105478234008,48.67886148446933,49.67911148071289,2325167,0.0,0.0,0.020547970432425844,1.0057978016855256,48.24541816711426,49.451169589241445,47.03966674498707,48.64551590268239,,,,49.621952056884766
2017-05-22,49.82199013399734,50.22209002691342,49.660043179373446,49.964881896972656,1841889,0.0,0.0,0.00575232542898263,1.011583477956576,48.28925533294678,49.66775433666254,46.91075632923102,48.89319169242201,,,,50.355464935302734
2017-05-23,50.3268840180625,50.79366604296969,49.06942602540539,49.183738708496094,1738053,0.0,0.0,-0.01563384438869031,0.9957685392760327,48.33544216156006,49.76835251300188,46.90253181011824,49.17897970045014,,,,50.20304870605469
2017-05-24,49.069431743806845,49.58384442126089,48.59312206657948,49.51716232299805,1354339,0.0,0.0,0.006779143335932547,1.0025189969331971,48.38544960021973,49.90821149971403,46.86268770072543,49.17897970045014,,,,50.79367065429688
2017-05-25,49.802951063397046,49.926791361352144,49.03132648106245,49.27901077270508,1795107,0.0,0.0,-0.004809474919817092,0.9976974069608068,48.41688613891601,49.98598314641158,46.84778913142045,49.17897970045014,48.89796034654271,,,50.06968307495117
2017-05-26,49.07895430541359,49.29805948579528,48.926538612937776,49.08848190307617,947030,0.0,0.0,-0.0038663290240890102,0.9938399805190159,48.465946197509766,50.05470269443123,46.8771897005883,49.17897970045014,48.89796034654271,,,49.917266845703125
2017-05-30,49.00274248620194,49.19326485096448,48.516905282032965,49.05037307739258,1643269,0.0,0.0,-0.0007763292773820263,0.9930684334451062,48.52310276031494,50.10957112762968,46.936634393000205,49.17897970045014,48.89796034654271,,,49.41236877441406
2017-05-31,49.25995101101998,49.28853010724289,48.55501228996168,48.87890625,1477599,0.0,0.0,-0.0034957293214066265,0.9895969350041488,48.576925659179686,50.13441021661234,47.019441101747034,49.17897970045014,48.89796034654271,,,50.94609451293945
2017-06-01,48.926540234287074,49.53621411159063,48.58359475158821,49.46953201293945,1574011,0.0,0.0,0.012083448838208222,1.001554678938719,48.68171329498291,50.181635815773404,47.18179077419242,49.65528566250133,48.89796034654271,,,52.01302719116211
2017-06-02,49.517165818523054,50.38405163579698,49.517165818523054,50.231632232666016,1975828,0.0,0.0,0.015405446316476556,1.0169840757781254,48.82222499847412,50.35012606304442,47.29432393390382,49.65528566250133,48.89796034654271,,,51.23130798339844
2017-06-05,50.20306243944402,50.250693049785816,49.74580414528288,49.94585418701172,1884704,0.0,0.0,-0.005689204848662088,1.0111982450431964,48.94797153472901,50.4089407689592,47.487002300498816,49.65528566250133,48.89796034654271,,,51.24083709716797
2017-06-06,49.51715798899196,49.9267855321037,49.30758411462363,49.73625946044922,1436919,0.0,0.0,-0.004196438923192991,1.0069548133686328,49.06038055419922,50.393816397249694,47.72694471114875,49.45047845891497,48.89796034654271,,,51.28850555419922
2017-06-07,49.7648489495298,50.34594749148244,49.70769444225535,49.926795959472656,1295150,0.0,0.0,0.0038309374506733107,1.0108123942743024,49.14373512268067,50.474942712037375,47.81252753332396,49.45047845891497,48.89796034654271,,,51.50775909423828
2017-06-08,49.92677905355695,50.203038680236034,49.55525455554628,49.66957092285156,1264436,0.0,0.0,-0.005152043740797918,1.0056046446052604,49.2185152053833,50.489443346657666,47.94758706410893,49.45047845891497,48.89796034654271,,,51.10737609863281
2017-06-09,49.74579433660668,49.84105553850704,49.29806373108893,49.53621673583984,1562417,0.0,0.0,-0.0026848266359871253,1.002904770470152,49.26662254333496,50.508530889013485,48.02471419765644,49.45047845891497,49.00750652454758,,,50.47817993164063
2017-06-12,49.45047034532731,50.23161865123652,49.45047034532731,50.19351196289063,1586520,0.0,0.0,0.013268983187713523,1.016212297008398,49.376173400878905,50.53565969529811,48.2166871064597,49.46953196287933,49.00750652454758,,,50.81184768676758
2017-06-13,50.34593911375485,51.42239871402294,50.10778613374217,51.108036041259766,2048645,0.0,0.0,0.01821996593992603,1.034727650447625,49.50096664428711,50.83132443950052,48.1706088490737,50.00299673280557,49.3218728600742,,,50.773712158203125
2017-06-14,51.29856523000165,52.2416607648567,51.08898762320439,51.37477493286133,2692406,0.0,0.0,0.005219118406080359,1.0401280165733566,49.62004470825195,51.15962406571954,48.080465350784365,50.76986224797281,49.8458188939407,,,50.84044647216797
2017-06-15,51.03182555325306,51.49860760424311,50.34593832918719,50.5840950012207,2141497,0.0,0.0,-0.015390431056367948,1.0241199980444877,49.75484027862549,51.12535385948776,48.384326697763214,50.76986224797281,49.90297706139365,,,50.41146087646485
2017-06-16,50.39356293590222,50.488824115102375,49.79341307206323,50.422142028808594,2294250,0.0,0.0,-0.003201657999578722,1.02084111606022,49.84200439453125,51.147200189487904,48.5368085995746,50.76986224797281,49.90297706139365,,,50.706974029541016
2017-06-19,50.48883814477603,50.78415305638199,50.1173172252194,50.24115753173828,4657250,0.0,0.0,-0.0035893853332710224,1.0171769239306334,49.87010669708252,51.184333118470676,48.55588027569436,50.76986224797281,49.90297706139365,,,50.28751754760742
2017-06-20,52.86085710182288,53.1085376878708,50.72698932694972,51.31761169433594,7395827,0.0,0.0,0.021425743662805585,1.0389706959624923,49.937743186950684,51.397372432124435,48.47811394177693,51.20330070947986,50.3364155229007,,,50.55445098876953
2017-06-21,51.24140242235167,51.69866059840247,50.28878307011199,50.72698974609375,2566196,0.0,0.0,-0.011509147225325256,1.0270130292598614,50.014905738830564,51.47004735593797,48.559764121723155,51.20330070947986,50.3364155229007,,,49.98247146606445
2017-06-22,50.59362811020335,50.68889301379296,49.91726836039386,49.926795959472656,1404579,0.0,0.0,-0.015774517483224226,1.0108123942743026,50.035387420654295,51.47316983911736,48.59760500219123,51.279504016599056,50.3364155229007,,,49.99199676513672
2017-06-23,50.01252122269859,50.3364114928042,49.62194885736693,49.65052795410156,4172344,0.0,0.0,-0.005533461542281848,1.005219102764124,50.05396327972412,51.46112241972444,48.646804139723805,51.36524327261887,50.3364155229007,,,50.88810729980469
2017-06-26,49.802955357250696,50.09826657816348,49.60290534363458,49.97442626953125,1294234,0.0,0.0,0.006523562362299673,1.0117767122687806,50.098260498046876,51.434287907406606,48.76223308868715,51.35572151575269,50.81272148495188,,,51.35523986816406
2017-06-27,50.0125244473997,50.3078393355441,49.621952056884766,49.621952056884766,1123785,0.0,0.0,-0.007053091730267358,1.0046405583066007,50.12683944702148,51.39393033527667,48.85974855876629,51.35572151575269,50.81272148495188,,,51.35523986816406
2017-06-28,50.031574676469205,50.555514909750855,49.650526226155634,50.355464935302734,1614182,0.0,0.0,0.014782023842534464,1.019491178992666,50.20066738128662,51.33167116120238,49.06966360137086,51.35572151575269,50.81272148495188,,,51.71749877929688
2017-06-29,50.2506793033668,50.34594049799104,49.56479204975426,50.20304870605469,2584807,0.0,0.0,-0.0030268061161559112,1.016405376856724,50.23734321594238,51.31699553929417,49.157690892590594,51.336664868812534,50.81272148495188,,,51.75563049316406
2017-06-30,50.39357068355834,51.24140122195836,50.36499158625812,50.79367065429688,1841177,0.0,0.0,0.011764662972967299,1.0283630435593551,50.265445137023924,51.37225441506222,49.158635858985626,51.336664868812534,50.81272148495188,,,51.88908767700195
2017-07-03,50.70793976004548,50.9651442579878,50.06015547676603,50.06968307495117,1142498,0.0,0.0,-0.014253499895158006,1.0137052710257974,50.2716365814209,51.37253118253378,49.17074198030802,50.631726324078365,50.81272148495188,49.03847002349643,,51.6317024230957
2017-07-05,49.95537354512921,50.25068475881761,49.46953622577568,49.917266845703125,2156549,0.0,0.0,-0.003044082164847972,1.0106194688898553,50.280686950683595,51.36653911947424,49.19483478189295,50.35546872386702,50.81272148495188,49.03847002349643,,50.67838287353516
2017-07-06,49.53620905683357,49.90773359982405,49.09800611772823,49.41236877441406,2612266,0.0,0.0,-0.0101146978429274,1.0003973583278547,50.25496559143066,51.396685231871494,49.11324595098983,50.1697036698433,50.83177498891624,49.03847002349643,,50.7641830444336
2017-07-07,49.68863629578945,51.327143017489846,49.536216893969296,50.94609451293945,2484734,0.0,0.0,0.03103930810375477,1.0314490001591754,50.31879177093506,51.4652385406247,49.17234500124541,50.21257456760904,50.84606621972951,49.03847002349643,,51.37430191040039
2017-07-10,50.869881746401575,52.022551093369074,50.67935935347432,52.01302719116211,2992116,0.0,0.0,0.02094238407129856,1.0530500012704658,50.44263229370117,51.74986929110425,49.1353952962981,50.56027860554865,51.10327190279952,49.27662300452202,,51.54590606689453
2017-07-11,51.20271162918179,51.5173048115436,50.554452398615545,51.23130798339844,2546670,0.039331,0.0,-0.015029296504712963,1.0372234005670835,50.49452209472656,51.840328963977,49.148715225476124,50.56027860554865,51.10327190279952,49.27662300452202,,51.5649642944336
2017-07-12,51.44103374596609,51.974892708908285,50.78324370036037,51.24083709716797,1959149,0.0,0.0,0.00018600176619765207,1.0374163259515305,50.501162147521974,51.860401115236456,49.14192317980749,50.56027860554865,51.10327190279952,49.27662300452202,,50.41146087646485
2017-07-13,51.04064337466161,51.67936798996382,50.89764681687651,51.28850555419922,1198636,0.0,0.0,0.000930282558437856,1.038381416265402,50.49684867858887,51.84536032921636,49.148337027961375,50.56027860554865,51.10327190279952,49.17421940272884,,49.4581298828125
2017-07-14,51.11690042208621,51.87955230155298,51.11690042208621,51.50775909423828,1361356,0.0,0.0,0.004274905998330691,1.04282039921035,50.54303188323975,51.962519521132506,49.12354424534699,50.56027860554865,51.10327190279952,49.17421940272884,,49.67739486694336
2017-07-17,51.479169380573225,51.69843521475826,50.96437953598851,51.10737609863281,2240756,0.0,0.0,-0.007773255964658277,1.0347142893221208,50.57729358673096,52.01661204234873,49.13797513111319,50.56027860554865,51.10327190279952,49.17421940272884,,49.50579833984375
2017-07-18,50.97390794596434,51.06923897618143,50.07778664597557,50.47817993164063,2212585,0.0,0.0,-0.012311259450649259,1.021975653248982,50.589144706726074,52.02100049884753,49.15728891460462,50.56027860554865,51.10327190279952,49.228992491731276,,49.181671142578125
2017-07-19,50.69745117792331,51.14551002676316,50.335188786106166,50.81184768676758,3062289,0.0,0.0,0.006610138392050047,1.0287310537502636,50.563856506347655,51.960408776189965,49.167304236505345,50.779383993669185,51.10327190279952,49.238519243713455,,48.80034255981445
2017-07-20,50.869043190025664,50.89764323926076,50.096852956003104,50.773712158203125,1674287,0.0,0.0,-0.0007505243422664121,1.0279589660527786,50.566192626953125,51.96399794871782,49.16838730518843,51.05016886967232,51.10327190279952,49.66243479643988,,49.20073699951172
2017-07-21,50.754646318840535,51.755633313892986,50.64024981284585,50.84044647216797,1874026,0.0,0.0,0.0013143477427237649,1.0293100615994226,50.61187515258789,51.982264782922904,49.24148552225288,51.026339677441925,51.10327190279952,50.307840570956756,,48.54294204711914
2017-07-24,50.7832542013349,50.91671989427894,50.325660709906,50.41146087646485,1602589,0.0,0.0,-0.008437880181440982,1.020624866630095,50.64992179870605,51.95121888529386,49.348624712118244,51.026339677441925,51.10327190279952,50.336419654683226,,48.13302230834961
2017-07-25,50.46864646618886,51.050167200144685,50.44957730236757,50.706974029541016,1823074,0.0,0.0,0.005862023197469535,1.0266077932741948,50.68654918670654,51.95001637298604,49.423082000427044,50.97866947376427,51.10327190279952,50.336419654683226,,48.34275817871094
2017-07-26,50.64977619978956,50.69744541303294,49.96338982789012,50.28751754760742,1504550,0.0,0.0,-0.008272165514929486,1.0181155236893142,50.71982746124267,51.90089056141967,49.538764361065674,50.921471064721544,51.10327190279952,50.336419654683226,,49.34374237060547
2017-07-27,50.30658880389566,50.64025114435294,49.98246104687274,50.55445098876953,1160295,0.0,0.0,0.005308145125863639,1.0235198286439517,50.729776763916014,51.901611576941754,49.557941950890275,50.859511570891556,50.56027860554865,50.76985811619028,,49.34374237060547
2017-07-28,50.478195939149394,50.70699270329077,49.420012291911554,49.98247146606445,2095935,0.0,0.0,-0.011314127866449253,1.0119395944288279,50.7187479019165,51.91437527014445,49.523120533688555,50.58782280290227,50.56027860554865,50.76985811619028,,48.65734100341797
2017-07-31,50.21125890312676,50.23985895563712,49.591599728433685,49.99199676513672,1141277,0.0,0.0,0.000190572790677912,1.0121324425813356,50.678664207458496,51.91506321818794,49.44226519672905,50.58782280290227,50.56027860554865,50.80795976974988,,47.71355819702149
2017-08-01,50.10638620250893,50.91670734827718,49.84898946469805,50.88810729980469,1068155,0.0,0.0,0.017925079865841465,1.0302749974494152,50.71958541870117,51.926149442056975,49.51302139534537,50.58782280290227,50.56027860554865,50.85082939775978,,47.54195785522461
2017-08-02,50.75464984843136,51.57450570910176,50.54492228978254,51.35523986816406,1413020,0.0,0.0,0.009179601937389537,1.039732511812046,50.79148406982422,51.96895435973237,49.61401377991607,50.58782280290227,50.56027860554865,51.084221500352285,,48.1806755065918
2017-08-03,51.35523986816406,51.526836488310245,51.012046627871705,51.35523986816406,1301455,0.0,0.0,0.0,1.039732511812046,50.88862762451172,51.902520842882495,49.874734406140945,50.49725900050666,50.56027860554865,51.084221500352285,,49.32466125488281
2017-08-04,51.46963660046234,51.86049533667636,51.42197108133585,51.71749877929688,1009474,0.0,0.0,0.007053981483930105,1.0470667656986083,50.92719783782959,52.00432626856736,49.850069407091816,50.640253814293956,50.56027860554865,51.084221500352285,,49.72506713867188
2017-08-07,51.71749586094962,51.87955787714638,51.48869916298799,51.75563049316406,818075,0.0,0.0,0.0007373077733303646,1.0478387761641539,50.914328002929686,51.94384833828035,49.884807667579025,50.64978508452897,50.56027860554865,51.07469317688221,,48.81940078735352
2017-08-08,51.71749109395785,52.299015518703854,51.38382881121348,51.88908767700195,1120632,0.0,0.0,0.002578602222912174,1.0505407355616243,50.94721698760986,52.05506823588406,49.83936573933567,50.85951390530771,50.69851081821604,51.07469317688221,,48.514347076416016
2017-08-09,51.641237006998985,51.984430249326905,51.29804376467106,51.6317024230957,1181856,0.0,0.0,-0.004960296382708007,1.0453297421511305,50.96676025390625,52.10828925800053,49.82523124981197,50.85951390530771,50.69851081821604,50.72222390451512,50.05539616899327,48.91474151611328
2017-08-10,51.307572928991256,51.46010407567408,50.53538631043578,50.67838287353516,1000423,0.0,0.0,-0.018463841105771928,1.0260289398889144,50.93625411987305,52.07432658653982,49.79818165320628,50.945307623568766,50.69851081821604,50.58409510440945,50.05539616899327,49.28654479980469
2017-08-11,50.49725168844417,50.88811413884224,50.2303240308968,50.7641830444336,712917,0.0,0.0,0.0016930329271269695,1.0277660406683315,50.89907531738281,52.00793381457508,49.79021682019054,51.07400249170095,50.85951390530771,50.50073932937977,50.05539616899327,49.391395568847656
2017-08-14,50.81184290718166,51.66029500483028,50.81184290718166,51.37430191040039,1177483,0.0,0.0,0.012018687771115255,1.0401184398128795,50.91242160797119,52.03747119119022,49.78737202475216,51.264669774800325,50.85951390530771,50.52932039366927,50.05539616899327,48.10442733764648
2017-08-15,51.3743094453805,51.63170252843047,51.06924714115903,51.54590606689453,1217044,0.0,0.0,0.00334027227841327,1.0435927186036529,50.96580791473389,52.10476555052751,49.82685027894026,51.264669774800325,50.85951390530771,50.83177525417409,50.05539616899327,48.13302230834961
2017-08-16,51.61262981046871,51.6793644916712,51.15503641840163,51.5649642944336,915503,0.0,0.0,0.00036973309799503973,1.0439785693725472,51.00346374511719,52.16934606252534,49.83758142770903,51.264669774800325,50.85951390530771,50.83177525417409,50.05539616899327,47.93283462524414
2017-08-17,51.55544090659463,51.64124107315347,50.373326236291206,50.41146087646485,1372747,0.0,0.0,-0.022369906267796447,1.020624866630095,50.985351181030275,52.17620929152946,49.79449307053109,51.264669774800325,50.85951390530771,50.83177525417409,50.05539616899327,48.1711540222168
2017-08-18,50.239850966160375,50.239850966160375,49.44859530067794,49.4581298828125,1787988,0.0,0.0,-0.018910997163691046,1.0013238326720608,50.9162353515625,52.28231299772283,49.550157705402164,50.873805409690895,50.85951390530771,50.83177525417409,50.05539616899327,48.790809631347656
2017-08-21,49.467667333793386,49.82039511504754,49.12447043678505,49.67739486694336,1120327,0.0,0.0,0.004433345632970598,1.005763047312827,50.87953205108643,52.33538529949508,49.42367880267778,50.554450343055976,50.71174297774445,50.83177525417409,50.05539616899327,48.92427444458008
2017-08-22,49.6201948400522,49.72506045600093,49.04820494212655,49.50579833984375,1773750,0.0,0.0,-0.003454217507967483,1.0022889229859322,50.81947326660156,52.394421762755215,49.24452477044791,50.36378471689888,50.67361023041521,50.83177525417409,50.05539616899327,49.791786193847656
2017-08-23,49.28653675966725,49.68693006241356,48.733612322689794,49.181671142578125,2329032,0.0,0.0,-0.006547257253394445,0.9957266795649157,50.764180946350095,52.48267946963144,49.04568242306875,50.2064884071805,50.516313920696824,50.83177525417409,50.16494234699813,50.33518600463867
2017-08-24,49.34373610410861,49.40093250473824,48.75267704340225,48.80034255981445,908995,0.0,0.0,-0.0077534694105492186,0.9880063432136413,50.676475524902344,52.59819715739701,48.75475389240768,50.2064884071805,50.516313920696824,50.94132794823435,50.16494234699813,50.354251861572266
2017-08-25,48.81940916091301,49.33420266763171,48.68594719123479,49.20073699951172,1297895,0.0,0.0,0.008204746497557869,0.9961126847976884,50.63738880157471,52.64482055890232,48.6299570442471,50.182655841453,50.49248135496932,51.07672038623592,50.16494234699813,52.766143798828125
2017-08-28,49.2102666220112,49.25793213472614,48.29507990162486,48.54294204711914,1733985,0.0,0.0,-0.01336961583317553,0.9827950408753903,50.56493606567383,52.758399686993236,48.37147244435442,49.987222196648034,50.29704771016436,51.06480579012072,50.279257355447754,53.77666473388672
2017-08-29,48.16161865984565,48.51434644500864,48.07582220847407,48.13302230834961,1583774,0.0,0.0,-0.008444476611484175,0.9744958511388354,50.427181816101076,52.858070556518825,47.996293075683326,49.85853164081377,50.18741886358896,51.06480579012072,50.3364155229007,53.45254135131836
2017-08-30,48.20929618724647,48.67642055425682,48.09489596777137,48.34275817871094,930047,0.0,0.0,0.0043574215850756826,0.9787421403951545,50.276557731628415,52.830341054133136,47.722774409123694,49.15783658731722,50.18741886358896,51.040970688281895,50.3364155229007,53.28094482421875
2017-08-31,48.48575556934087,49.39140789307105,48.438090046875296,49.34374237060547,1564553,0.0,0.0,0.020705980163443494,0.9990079557393028,50.17598285675049,52.710066625469416,47.64189908803156,48.948108661760806,50.18741886358896,51.01237148376053,50.3364155229007,53.57646560668945
2017-09-01,49.48673893800219,49.71553566490223,49.267476794972126,49.34374237060547,957912,0.0,0.0,0.0,0.9990079557393028,50.05729503631592,52.511719770326145,47.602870302305696,48.900441332237506,50.18741886358896,50.70989508822011,50.3364155229007,53.61460113525391
2017-09-05,49.29606181636628,49.29606181636628,48.00908560879172,48.65734100341797,1571570,0.0,0.0,-0.01391060617235218,0.9851111495039667,49.902380561828615,52.29825981645023,47.506501307206996,48.86231063684697,50.15405056374779,50.574050704225456,50.3364155229007,53.938720703125
2017-09-06,48.69547595166809,48.77174151606127,47.43709598840141,47.71355819702149,3247688,0.0,0.0,-0.019396514214169214,0.9660034270900765,49.6936040878296,52.088309430175414,47.29889874548378,48.57631582665182,49.86805575355263,50.574050704225456,50.3364155229007,53.43346786499024
2017-09-07,47.86608555374249,47.97095115882442,47.44662683185605,47.54195785522461,1672355,0.0,0.0,-0.003596469185724982,0.9625292255312423,49.48911685943604,51.885386037497206,47.09284768137487,48.57631582665182,49.86805575355263,50.574050704225456,50.3364155229007,53.40486907958984
2017-09-08,47.42755461174147,48.48573769667408,47.20828885109434,48.1806755065918,1534755,0.0,0.0,0.013434820108002787,0.9754606325249499,49.36423149108887,51.75989890350008,46.968564078677666,48.46191225799828,49.753652184899096,50.574050704225456,50.81272148495188,53.25233840942383
2017-09-11,48.39994368585049,49.4295268582822,48.247412571531626,49.32466125488281,1867619,0.0,0.0,0.0237436635386008,0.998621641578773,49.292255401611335,51.59927207134261,46.98523873188006,48.46191225799828,49.753652184899096,50.52876880302766,50.81272148495188,53.357200622558594
2017-09-12,49.32467378646994,49.83946735269655,49.21980815642806,49.72506713867188,1608284,0.0,0.0,0.008117762466121947,1.0067282148586383,49.20979366302491,51.320771876926365,47.09881544912346,48.52387810189545,49.753652184899096,50.6002662099213,50.81272148495188,53.68155670166016
2017-09-13,49.69645281647669,49.81085299765515,48.0662798222129,48.81940078735352,3230297,0.0,0.0,-0.01821347669159823,0.9883921939825362,49.073468399047854,50.892385328785615,47.254551469310094,48.52387810189545,49.753652184899096,50.60503184503881,50.81272148495188,54.13948059082031
2017-09-14,48.72407831306149,49.04820605250518,48.075822834174105,48.514347076416016,2014677,0.0,0.0,-0.006248616452017797,0.9822161102581709,48.92093753814698,50.34307800870198,47.49879706759198,48.52387810189545,49.59635955021062,50.77901236176187,50.81272148495188,54.85498046875
2017-09-15,48.47621359843596,49.27700017133737,48.047220263175696,48.91474151611328,3215957,0.0,0.0,0.008253114054417754,0.9903224518422181,48.84610157012939,50.0913517948155,47.60085134544328,48.52387810189545,49.443826671382766,50.77901236176187,50.81272148495188,54.66417694091797
2017-09-18,48.97194789721696,49.6964690537855,48.80988585218521,49.28654479980469,2888483,0.0,0.0,0.007601047703971409,0.9978499400409847,48.837522315979,50.0679033169833,47.607141314974704,48.52387810189545,49.443826671382766,50.82190922089241,50.81272148495188,55.34152221679688
2017-09-19,48.99099862284869,49.76318877037396,48.76220565147961,49.391395568847656,3310437,0.0,0.0,0.0021273710597660145,0.9999727371254171,48.82322235107422,50.020058048255855,47.62638665389259,48.52387810189545,49.443826671382766,50.96675819850433,50.83177498891624,55.27474594116211
2017-09-20,49.09587611515151,49.34374200796989,48.08535817004668,48.10442733764648,2434088,0.0,0.0,-0.026056526979628458,0.9739169205216158,48.753153800964355,49.94597594950754,47.56033165242117,48.52387810189545,49.443826671382766,51.062091840054016,50.84606621972951,55.77081680297852
2017-09-21,48.371349893761504,48.56201566053275,47.91375649164058,48.13302230834961,1101614,0.0,0.0,0.0005944353209408337,0.9744958511388359,48.70072135925293,49.90584989396236,47.4955928245435,48.876611922168564,49.443826671382766,51.062091840054016,51.10327190279952,55.34152221679688
2017-09-22,48.14256219995734,48.533424690979885,47.78030346266594,47.93283462524414,1856635,0.0,0.0,-0.004159050761928573,0.9704428734266607,48.65734596252442,49.90712239172558,47.407569533323255,48.80988540768125,49.4247649621239,51.062091840054016,51.10327190279952,53.11870574951172
2017-09-25,47.66589509483664,48.31415427421991,47.57056405912909,48.1711540222168,2623860,0.0,0.0,0.004971944572774056,0.9752678616043816,48.60586681365967,49.84655915315815,47.365174474161186,48.69070852839212,48.72406990862736,51.062091840054016,51.10327190279952,53.109161376953125
2017-09-26,48.43808186592267,48.914740708515225,48.171150547068265,48.790809631347656,1842092,0.0,0.0,0.0128636239199309,0.9878133405972556,48.61826019287109,49.86116463612953,47.37535574961265,48.66687641475153,48.52387810189545,50.8666596574993,51.10327190279952,54.33982467651367
2017-09-27,49.114936513355936,49.32466774776277,48.39041547418923,48.92427444458008,2206280,0.0,0.0,0.0027354498570704155,0.9905154544586046,48.65782279968262,49.886565819302525,47.429079780062715,48.66687641475153,48.52387810189545,50.63309666040021,51.10327190279952,52.56538391113281
2017-09-28,48.90519960733481,49.82038623837273,48.809868591211945,49.791786193847656,1971861,0.0,0.0,0.017731724366199186,1.0080790014775252,48.73027420043945,50.04499935217069,47.415549048708215,48.69547514875091,48.52387810189545,50.51869747365704,51.07837131499868,52.10746383666992
2017-09-29,50.13498935139237,51.059707049794746,50.03965831621637,50.33518600463867,3296402,0.0,0.0,0.01091344280511386,1.0190806140031865,48.779846382141116,50.25064897860587,47.309043785676366,49.31513555446192,49.13399795044454,50.361401163938666,50.9210750052803,53.55754470825195
2017-10-02,50.59258314979799,50.6688487182172,50.04918958789541,50.354251861572266,3034525,0.0,0.0,0.00037877791753548884,1.0194666192359594,48.83037185668945,50.4396645397888,47.221079173590105,49.31513555446192,49.13399795044454,50.361401163938666,50.9210750052803,53.88190841674805
2017-10-03,52.33715045912695,53.2428026542248,51.01203950684367,52.766143798828125,8070912,0.0,0.0,0.04789847625750321,1.06829751689275,49.03581199645996,51.390610171924486,46.68101382099544,50.40668335667695,50.22554575265957,50.33756859821116,50.8972424395528,55.86621856689453
2017-10-04,52.48968463997065,53.80526478465488,52.48968463997065,53.77666473388672,3666590,0.0,0.0,0.019150933957031713,1.088756412085224,49.33896732330322,52.399079299021246,46.2788553475852,50.68791442189199,50.50677681787461,50.1421349534062,50.70180879474783,57.174930572509766
2017-10-05,53.84340011401545,54.12939694659436,53.34767572275803,53.45254135131836,2891738,0.0,0.0,-0.0060272124381881564,1.0821942458961469,49.63449649810791,53.0666298487783,46.20236314743752,50.849980502861726,50.668842898844346,50.02297525220136,50.592179948172436,56.96147918701172
2017-10-06,53.4048759222496,53.58600712658456,52.93774788483615,53.28094482421875,2878619,0.0,0.0,-0.003210259470579402,1.0787201215692523,49.889509963989255,53.60133525627637,46.17768467170214,51.15027374683132,50.668842898844346,49.67262772545309,50.592179948172436,56.48608016967773
2017-10-09,53.11887221238097,53.75759678757511,52.994941130394295,53.57646560668945,1666253,0.0,0.0,0.005546462876093283,1.084703202677231,50.10210018157959,54.13680853292288,46.067391830236296,51.2599062103918,50.668842898844346,49.567763762674886,50.592179948172436,56.81595230102539
2017-10-10,53.52880098547078,53.83386325344402,53.17607320043194,53.61460113525391,1844126,0.0,0.0,0.0007117962734686234,1.085475290374716,50.29657688140869,54.60839020254749,45.98476356026989,51.46963276890315,50.668842898844346,49.54393009791323,50.18741886358896,56.29203414916992
2017-10-11,53.48113103751796,53.97685533268309,53.44299640795988,53.938720703125,2037254,0.0,0.0,0.006045360051330606,1.0920373793318539,50.55254287719727,55.087704340827976,46.01738141356656,52.084527631405365,50.668842898844346,49.50818060029738,50.15405056374779,56.35994720458984
2017-10-12,53.690860907406034,54.05312326108989,53.4239332825727,53.43346786499024,1457056,0.0,0.0,-0.009367163913946652,1.0818080861994956,50.798498916625974,55.398633344841784,46.198364488410164,52.089293267244884,50.668842898844346,49.22218579010223,49.86805575355263,57.1361198425293
2017-10-13,53.662265826536526,54.043589957193326,53.37626903010224,53.40486907958984,1487566,0.0,0.0,-0.0005352223342992568,1.0812290783503362,51.0230052947998,55.67203163272009,46.37397895687951,52.570718226719016,50.668842898844346,49.22218579010223,49.86805575355263,57.35927200317383
2017-10-16,53.42393500939475,53.64319712611083,53.0712072267272,53.25233840942383,1309998,0.0,0.0,-0.0028561191665630314,1.0781409592562146,51.22129497528076,55.89565640568725,46.54693354487428,53.30954079328251,50.849980502861726,49.10778222144869,49.753652184899096,58.72727584838867
2017-10-17,53.2523350130308,53.55739725949656,53.12840393770927,53.357200622558594,2251435,0.0,0.0,0.0019691569660011954,1.080263988036465,51.41958522796631,56.10317639338816,46.73599406254446,53.533572415715255,50.849980502861726,49.10778222144869,49.753652184899096,58.80488967895508
2017-10-18,53.38581769033433,53.85327600820139,53.233177484278464,53.68155670166016,4306080,0.039331,0.0,0.006078956079349496,1.0868308653738417,51.698441696166995,56.21883609943198,47.17804729290201,53.49543557296302,50.849980502861726,49.13876514339727,49.753652184899096,59.20268249511719
2017-10-19,53.66248084334803,54.31119990773647,53.23318070051432,54.13948059082031,2514431,0.0,0.0,0.008530376488615987,1.096101941834929,51.99876461029053,56.32354726327555,47.67398195730551,53.65307051906538,50.94088198343278,49.13876514339727,49.753652184899096,58.94072341918945
2017-10-20,55.122098987182106,55.33198020236296,54.37798073513704,54.85498046875,2406629,0.0,0.0,0.013215861514028093,1.1105878733034766,52.34487190246582,56.41011982067427,48.27962398425737,54.20159371454508,51.45127213074603,49.060118826053035,49.753652184899096,59.70719909667969
2017-10-23,54.75957614495603,55.24611726707112,54.46383713200348,54.66417694091797,2216755,0.0,0.0,-0.003478326419981692,1.1067248861620538,52.669523048400876,56.36621344932315,48.972832647478604,54.20159371454508,51.45127213074603,48.98385238663911,49.753652184899096,60.32814025878906
2017-10-24,54.711882223254,55.45600423439749,54.711882223254,55.34152221679688,2458496,0.0,0.0,0.012391026697630592,1.12043834377342,52.99705867767334,56.40783993295619,49.58627742239048,54.26360573056235,51.51328414676329,48.98385238663911,49.753652184899096,60.9102668762207
2017-10-25,55.89484456018074,56.24782462818066,55.17934672301878,55.27474594116211,3231314,0.0,0.0,-0.001206621591888668,1.119086398675443,53.31458225250244,56.301357634643495,50.327806870361385,54.65951592745393,51.909194343654875,48.98385238663911,49.753652184899096,60.69682693481445
2017-10-26,55.53231879197417,55.91391560958112,55.322437581421184,55.77081680297852,1715984,0.0,0.0,0.008974638478564279,1.1291297945298335,53.61353378295898,56.309839124808704,50.91722844110926,54.65951592745393,51.909194343654875,48.98385238663911,49.753652184899096,61.10431289672852
2017-10-27,55.75174327805436,55.9425417059396,55.2175024984541,55.34152221679688,1812294,0.0,0.0,-0.00769747711779456,1.12043834377342,53.863850593566895,56.19781006240197,51.52989112473182,54.688114282944966,51.909194343654875,49.160219296775665,49.753652184899096,60.18260192871094
2017-10-30,53.57662272322384,54.61648379294404,52.96606552457872,53.11870574951172,13502709,0.0,0.0,-0.04016543778064907,1.075435447189535,54.00207328796387,55.73179782159843,52.27234875432931,54.60694507637969,51.909194343654875,49.117325184902576,49.753652184899096,59.095951080322266
2017-10-31,53.27134299478059,53.42397951008918,52.38412219961895,53.109161376953125,8826543,0.0,0.0,-0.00017968006606938758,1.0752422128773307,54.01922416687012,55.70537737675513,52.333070956985104,54.315973413899805,52.209487587624466,48.70738921850974,49.753652184899096,59.87213516235352
2017-11-01,53.50984482869176,54.35890377964951,52.90882532176074,54.33982467651367,6986180,0.0,0.0,0.023172335387216192,1.1001580860566167,54.04738216400146,55.73521882217506,52.35954550582787,54.315973413899805,52.319120051184946,48.59537725832349,49.753652184899096,60.32814025878906
2017-11-02,54.39706284135309,54.49246205312865,52.37458178649496,52.56538391113281,6770576,0.0,0.0,-0.03265451767546457,1.0642329543896756,54.00302429199219,55.795610874201344,52.21043770978304,54.31120320733781,52.5288466096963,48.59537725832349,49.753652184899096,59.84303283691406
2017-11-03,52.47952298741198,52.88974404394354,51.93574451333411,52.10746383666992,4541820,0.0,0.0,-0.008711437839720726,1.0549619551605276,53.944350242614746,55.898965545058175,51.98973494017132,54.09178457075738,53.14374147219851,48.609676625323175,49.753652184899096,59.60047149658203
2017-11-06,53.26180565434473,53.67202672982052,52.04068383007704,53.55754470825195,3190227,0.0,0.0,0.027828659558778224,1.084320132258153,53.94340419769287,55.89875698145566,51.98805141393008,54.09178457075738,53.14850710803803,49.22456675245323,49.753652184899096,59.29000473022461
2017-11-07,53.71018907225883,54.46384886830229,53.60524844476896,53.88190841674805,3163989,0.0,0.0,0.006056358824195973,1.090887164059408,53.95676956176758,55.906535645983,52.00700347755216,53.93914310963685,53.629932067512165,49.22456675245323,49.753652184899096,59.31911087036133
2017-11-08,53.691101062318666,55.87575996820643,53.29042142460504,55.86621856689453,5577431,0.0,0.0,0.036827020579874414,1.1310612881005446,54.053144454956055,56.174734572640894,51.931554337271216,53.93914310963685,54.09178457075738,50.31611455466826,50.22554575265957,59.57137298583984
2017-11-09,55.76811413738635,57.31076046122335,55.486750110144285,57.174930572509766,7262300,0.0,1.017,0.02342582045441599,1.1575573267585284,54.24021759033203,56.74070424040836,51.7397309402557,54.623252487278734,54.623252487278734,50.5973456198833,50.50677681787461,60.50277328491211
2017-11-10,56.92266959149471,57.553312564842486,56.58309488343774,56.96147918701172,5263800,0.0,0.0,-0.003733303798722498,1.1532358135933016,54.41804809570313,57.15314064594304,51.682955545463216,54.74452853908829,54.74452853908829,50.759411700853036,50.668842898844346,60.037071228027344
2017-11-13,56.621910066303975,56.94208000819624,56.2920358740315,56.48608016967773,3921700,0.0,0.0,-0.008345973877770918,1.143610937618142,54.57973518371582,57.4019647559515,51.75750561148014,54.74452853908829,54.74452853908829,50.90955832283783,50.668842898844346,60.69682693481445
2017-11-14,56.08828899456236,56.835357099994845,56.03007459765401,56.81595230102539,3250600,0.0,0.0,0.005839883567009263,1.1502894923397902,54.75267276763916,57.677212424950824,51.8281331103275,54.74452853908829,54.74452853908829,50.964374554618075,50.668842898844346,61.85137939453125
2017-11-15,56.534588586023766,56.73833342472011,56.020374364241455,56.29203414916992,2463000,0.0,0.0,-0.009221321312711916,1.1396823033282888,54.883196640014646,57.83805455884823,51.92833872118106,54.74452853908829,54.74452853908829,51.06923783387375,50.668842898844346,62.09393310546875
2017-11-16,56.38905255168802,56.76743686831173,56.156202372728906,56.35994720458984,2942800,0.0,0.0,0.0012064416652621812,1.141057263544186,54.99421997070313,57.99595952252487,51.992480418881385,54.796998197459764,54.74452853908829,51.376685265124856,50.668842898844346,61.987213134765625
2017-11-17,56.19500748783575,57.339864671559816,56.088286649596064,57.1361198425293,3717600,0.0,0.0,0.01377170626370372,1.1567715690077822,55.10827693939209,58.25176329573169,51.96479058305249,55.421866994723764,54.74452853908829,51.379068083044615,50.668842898844346,62.01631546020508
2017-11-20,57.126421817164896,57.543615743275126,56.98088767509408,57.35927200317383,3729000,0.0,0.0,0.0039056232950287484,1.161289482994726,55.243031692504886,58.5282545044639,51.95780888054587,55.421866994723764,54.74452853908829,51.619780562781685,50.668842898844346,61.91929626464844
2017-11-21,57.74735760567796,59.04744946401165,57.55331332661132,58.72727584838867,3510700,0.0,0.0,0.023849742115610306,1.1889859376857206,55.412319374084475,59.03577228315304,51.788866465015914,57.26709978707797,55.49159698867288,52.07976064807212,50.668842898844346,61.3565788269043
2017-11-22,58.5623352775082,58.99893394032987,58.26156648732295,58.80488967895508,2669400,0.0,0.0,0.0013215976638654148,1.1905572987233348,55.58882656097412,59.503760446811995,51.673892675136244,57.53391191412655,55.49159698867288,52.19177645928849,50.668842898844346,62.9089241027832
2017-11-24,58.93102273265607,59.52285240071969,58.882508888428,59.20268249511719,1290800,0.0,0.0,0.006764621417264083,1.1986109681247588,55.760419845581055,59.9843433444706,51.53649634669151,57.771613382480574,55.7292984570269,52.17270803791237,50.668842898844346,65.22774505615234
2017-11-27,59.19297838476874,59.30940716988537,58.436209786944175,58.94072341918945,3958000,0.0,0.0,-0.004424783893016038,1.193307373619008,55.94037990570068,60.38111194718701,51.49964786421435,57.771613382480574,55.7292984570269,52.29697625124908,50.75974437941541,64.95606994628906
2017-11-28,59.10566144832191,59.74600869355829,58.998940608536046,59.70719909667969,4147800,0.0,0.0,0.013004178317239434,1.2088253554928263,56.26980457305908,60.80194721693123,51.737661929186935,57.88319152889987,55.8408766034462,52.82643292264555,51.270134526728654,65.56732940673828
2017-11-29,59.66839188977452,60.79384433672516,59.18328301262188,60.32814025878906,5049400,0.0,0.0,0.010399770404636355,1.2213968616492545,56.63075351715088,61.24851798173764,52.012989052564116,58.44106549316061,56.36479442502963,52.82643292264555,51.270134526728654,65.22774505615234
2017-11-30,60.803542335549466,61.26925009503972,60.34754252689084,60.9102668762207,4778500,0.0,0.0,0.009649338019280806,1.233182532822997,56.95927562713623,61.80995586951454,52.10859538475792,58.67876837231789,56.60249730418691,52.888444938662815,51.33214654274592,64.6844253540039
2017-12-01,60.96848673462061,61.38568068494419,59.43554083322938,60.69682693481445,4958600,0.0,0.0,-0.0035041701892390975,1.2288612513535884,57.365847778320315,62.03292101334722,52.69877454329341,59.183284180019136,56.660712599139146,53.28435513555441,51.728056739637495,66.22706604003906
2017-12-04,61.52150682153204,62.03572104002092,60.96848300513425,61.10431289672852,4516300,0.0,0.0,0.0067134639896693216,1.2371111671128507,57.815690231323245,62.08165349049916,53.54972697214733,59.79451718331612,56.98573277667751,53.28435513555441,51.728056739637495,67.49805450439453
2017-12-05,59.707197334780766,60.68711556998451,59.21238424189716,60.18260192871094,3727600,0.0,0.0,-0.015084221134690656,1.2184503086999252,58.14694309234619,62.048402332389095,54.24548385230329,60.148643763671934,56.98573277667751,53.29865431329992,51.728056739637495,67.19728088378906
2017-12-06,59.91093397392189,60.32812781832922,59.02803614761281,59.095951080322266,3864600,0.0,0.0,-0.01805589678020003,1.1964500956942365,58.4076452255249,61.79153483646863,55.02375561458118,60.235965413482546,56.98573277667751,53.25806971001728,51.728056739637495,66.7315673828125
2017-12-07,59.02804677451209,60.3378392280966,58.86310783603336,59.87213516235352,2277600,0.0,0.0,0.013134302229543371,1.2121646328536508,58.60794105529785,61.83535628583833,55.38052582475737,60.235965413482546,56.98573277667751,53.26273050076213,51.728056739637495,68.60409545898438
2017-12-08,59.97886127506524,60.37665040628693,59.80422178320333,60.32814025878906,2041000,0.0,0.0,0.007616315923910211,1.2213968616492548,58.765601539611815,62.00578506131359,55.52541801791004,60.449414438027134,56.98573277667751,53.317546732542375,51.728056739637495,68.43916320800781
2017-12-11,60.67742071808138,60.716230317458255,59.5228591936855,59.84303283691406,2817000,0.0,0.0,-0.008041146632301932,1.2115754303884998,58.90967922210693,62.07060663864663,55.74875180556723,60.449414438027134,56.98573277667751,53.42002490851706,51.728056739637495,69.6810302734375
2017-12-12,59.60047149658203,60.43485928120951,59.58106669913875,59.60047149658203,2616400,0.0,0.0,-0.004053292903671291,1.2066645602942436,59.06539878845215,62.03225950117628,56.09853807572802,60.449414438027134,57.03820243504898,53.61776302147795,51.728056739637495,69.59371948242188
2017-12-13,59.87213387461118,59.97885841466898,59.222089786749066,59.29000473022461,2756500,0.0,0.0,-0.005209132722636678,1.2003788844479688,59.18910140991211,61.96893996917041,56.40926285065382,60.449414438027134,57.66307123231298,53.62014583939771,51.728056739637495,68.81755065917969
2017-12-14,59.32881512018008,59.82362452941681,59.19298153032573,59.31911087036133,2718800,0.0,0.0,0.0004909114153246463,1.200968164145059,59.34045524597168,61.77793526829299,56.90297522365037,60.449414438027134,57.66307123231298,53.78453758857451,51.728056739637495,68.74964141845703
2017-12-15,59.56166873546146,59.79452263041042,59.26090359329929,59.57137298583984,4080900,0.0,0.0,0.004252628061634622,1.206075435061032,59.50102653503418,61.513908288713026,57.48814478135533,59.78966907674581,58.7612355750826,54.015463840197114,51.728056739637495,66.46833038330078
2017-12-18,60.03706925674432,60.755028245595504,60.03706925674432,60.50277328491211,2721000,0.0,0.0,0.01563503159971935,1.2249324625998566,59.66935920715332,61.404064669357645,57.934653744948996,59.80906804081443,59.02804770213119,54.623252487278734,52.259524656158845,65.83733367919922
2017-12-19,60.6871152987658,60.71622434597911,59.99826163246741,60.037071228027344,2164900,0.0,0.0,-0.007697201823984812,1.2155039102144747,59.80324916839599,61.176226123622435,58.43027221316955,59.80906804081443,59.02804770213119,54.74452853908829,52.38080070796841,63.119178771972656
2017-12-20,60.39605808425249,61.026701135045016,60.19231323439786,60.69682693481445,2200200,0.0,0.0,0.010989138765302053,1.2288612513535888,59.901726722717285,61.23334818884563,58.57010525658894,60.10984133268538,59.02804770213119,54.74452853908829,52.38080070796841,62.00279998779297
2017-12-21,60.88116167853861,62.10363807329799,60.88116167853861,61.85137939453125,2171700,0.0,0.0,0.019021627950283726,1.2522361928793568,60.05405120849609,61.53887307106943,58.56922934592275,60.64830980181186,59.062006218769724,54.74452853908829,52.38080070796841,60.82818603515625
2017-12-22,62.09393310546875,62.32678328200564,61.6185248016518,62.09393310546875,3922200,0.0,0.0,0.003921557017998234,1.2571469085097342,60.19861373901367,61.87640070250161,58.520826775525734,60.75988240616569,59.20753496580085,54.74452853908829,52.38080070796841,61.00292205810547
2017-12-26,62.09393768233107,62.50142737184955,61.84168268897492,61.987213134765625,1788300,0.0,0.0,-0.0017186859547431155,1.2549862677750299,60.35093822479248,62.09680246683886,58.6050739827461,60.84720445108764,59.29485701072281,54.77076336827403,52.38080070796841,58.26535415649414
2017-12-27,62.14244850236439,62.4820232270744,61.91929516774133,62.01631546020508,3694800,0.0,0.0,0.00046948917313294203,1.2555754702401807,60.46639404296875,62.32948809662045,58.60329998931705,60.84720445108764,59.74115752347181,55.083197766906025,52.38080070796841,56.01317596435547
2017-12-28,62.103640005116894,62.258870995374046,61.79316692134164,61.91929626464844,3270700,0.0,0.0,-0.0015644140551834829,1.2536112303271933,60.54595184326172,62.512793634405085,58.57911005211835,60.88116548257442,60.02737034923044,55.083197766906025,52.38080070796841,58.673072814941406
2017-12-29,62.13275237129688,62.45292604022049,61.22074521818412,61.3565788269043,2130300,0.0,0.0,-0.00908791720337121,1.2422185152607634,60.5682674407959,62.56137535395721,58.57515952763459,61.24984450215848,60.38149692958625,56.379348387875424,53.30900676157037,59.12933349609375
2018-01-02,62.0260296766705,62.91862835424104,61.89019976496085,62.9089241027832,3714600,0.0,0.0,0.02530038841080584,1.2736471261879554,60.67887229919434,62.92105832119719,58.43668627719149,61.45844499335422,60.677419070592606,56.512754451399715,53.30900676157037,57.381961822509766
2018-01-03,63.054451884400365,65.39268030336788,63.054451884400365,65.22774505615234,5642100,0.0,0.0,0.03685996838191907,1.3205937189889656,60.885043907165525,63.88548844784979,57.88459936648126,62.79249676888287,61.91444504515603,56.75045591975373,53.54670822992439,56.97423553466797
2018-01-04,65.22773711129922,65.44117878054715,64.51947495632612,64.95606994628906,4595700,0.0,0.0,-0.004165023789024169,1.3150934147337408,61.123717308044434,64.59120703723322,57.65622757885565,63.161170229542876,62.15214330829025,56.75045591975373,53.54670822992439,57.60524368286133
2018-01-05,65.39268988346217,65.61583586187447,64.78144785090811,65.56732940673828,3780500,0.0,0.0,0.009410351656968352,1.3274689062281486,61.447286224365236,65.2893056749485,57.605266773781985,63.4182905400293,62.23947184895391,56.86203406617304,53.65828637634369,58.20711517333984
2018-01-08,65.75165614705179,65.7807688984789,65.08221090771393,65.22774505615234,3296300,0.0,0.0,-0.00517917007842994,1.3205937189889656,61.71506671905517,65.82105757245404,57.60907586565631,63.50075705833151,62.321938367256124,57.40292995909512,54.18220419792712,59.43998718261719
2018-01-09,65.37327917194767,65.43149727919054,64.33514631924719,64.6844253540039,4944600,0.0,0.0,-0.008329579716127133,1.3095937283340302,61.93288097381592,66.18271738433484,57.683044563297,63.50075705833151,62.321938367256124,57.6406328382524,54.4199070770844,58.63425064086914
2018-01-10,64.26722202939222,66.46962047882982,63.79181740197105,66.22706604003906,9804600,0.0,0.0,0.02384871903232688,1.3408258612075659,62.252082633972165,66.77915813037171,57.725007137572625,63.84518284850697,62.66636415743159,57.921998389579144,54.47812237203664,59.0807991027832
2018-01-11,66.85771458224006,68.30333708419947,66.57635052174768,67.49805450439453,6364100,0.0,0.0,0.019191375072950656,1.3665581532175124,62.646961784362794,67.54661102393459,57.747312544791,64.7620411511918,63.58322246011642,58.39012497999681,54.803142549575,57.42078399658203
2018-01-12,67.07114784369136,67.8473249750625,66.98383180255331,67.19728088378906,3792000,0.0,0.0,-0.004456033922961233,1.360468723729076,63.04232559204102,68.0704839746089,58.014167209473136,65.09676842458016,63.58322246011642,58.567188270174725,54.803142549575,56.94511795043945
2018-01-16,67.77940419935342,67.78910844825836,66.5763364111989,66.7315673828125,3338700,0.0,0.0,-0.006930540861943002,1.3510399396478763,63.41294841766357,68.38044282555639,58.445454009770756,65.67889448429992,63.58322246011642,58.61084909508003,54.803142549575,56.72183990478516
2018-01-17,67.19728269784143,68.72052425248528,66.84800371951268,68.60409545898438,3398400,0.0,0.0,0.028060603843304444,1.3889509361708172,63.8645845413208,68.99448897401267,58.734680108628936,66.25617082722816,63.9567528914055,58.61084909508003,55.10343579354459,57.31401062011719
2018-01-18,69.63252693425733,69.92359522963119,68.33243865984902,68.43916320800781,4315900,0.0,0.0,-0.0024041166911845657,1.3856117360419324,64.26140403747559,69.51737530660769,59.00543276834348,66.85770631580112,64.55828837997846,58.71757360735232,55.21306825710508,57.71202087402344
2018-01-19,68.4973635739851,69.72954411607334,68.4876593250233,69.6810302734375,3647500,0.0,0.0,0.018145561798516896,1.4107544394270317,64.7436019897461,70.13022466461584,59.356979314876355,66.85770631580112,64.55828837997846,58.71757360735232,55.42279481561643,55.9743537902832
2018-01-22,69.82656965983571,70.02061024065164,69.23473626552138,69.59371948242188,3951000,0.0,0.0,-0.0012530066027010012,1.40898675479964,65.18844661712646,70.63460035194967,59.74229288230325,66.90621382131134,64.60679588548868,58.74380843653806,56.03768967811864,54.92593002319336
2018-01-23,69.55491827917261,69.79747273554894,68.49737700024103,68.81755065917969,2778900,0.0,0.0,-0.011152857312623388,1.3932725265679833,65.53675518035888,70.9756275369969,60.09788282372086,66.90621382131134,64.60679588548868,59.05624283517005,56.042455313958165,55.68312072753906
2018-01-24,68.86607023197216,69.74896467739254,68.3324474227468,68.74964141845703,2829700,0.0,0.0,-0.0009868011876646987,1.3918976435840253,65.8695405960083,71.23834591505353,60.500735276963084,68.29847332592527,64.64075691697546,59.05624283517005,56.5238802734323,55.799617767333984
2018-01-25,68.73991862500799,68.86612290933931,66.02177903851272,66.46833038330078,4283700,0.04,0.0,-0.03318287903889772,1.3457104724424498,66.09359645843506,71.15779125751925,61.02940165935087,68.02119463958218,65.00943593655953,59.2754523259142,56.98573277667751,56.60535430908203
2018-01-26,66.77897765330758,66.95371578671279,65.27428775974299,65.83733367919922,5853700,0.0,0.0,-0.009493193231465469,1.332935382893947,66.28464736938477,70.99107960315554,61.578215135614,67.64744900019731,65.00943593655953,59.418557871472814,56.98573277667751,57.44020462036133
2018-01-29,65.4296057395574,65.72083098828925,63.03181341925932,63.119178771972656,5183800,0.0,0.0,-0.04128592024201827,1.2779039189880235,66.34464149475097,70.85118623697346,61.83809675252849,66.52621182995549,65.10646173752474,59.418557871472814,56.98573277667751,57.55670547485352
2018-01-30,62.60467364379997,62.94444013432561,61.61449595621753,62.00279998779297,4916100,0.0,0.0,-0.017686839497908724,1.2553018374791338,66.37695255279542,70.74566938314136,62.00823572244947,65.81755309843459,65.45088595959513,59.56894451740828,56.98573277667751,56.94511795043945
2018-01-31,62.818255222317234,63.53661985418135,60.62432610204706,60.82818603515625,5944400,0.0,0.0,-0.018944530777125768,1.2315207331844278,66.27291564941406,71.05154660224653,61.494284696581595,65.32246817134934,65.32246817134934,59.85515801029079,57.01969129331604,58.042083740234375
2018-02-01,60.38163254841168,61.66304308794951,59.92537144459011,61.00292205810547,6011800,0.0,0.0,0.0028726160409950907,1.2350584193973915,66.06167449951172,71.35784054690336,60.76550845212009,64.97299084262087,64.97299084262087,59.983708685983274,57.131263897669875,58.66337585449219
2018-02-02,60.44957684646839,60.57577741655647,58.21681661513013,58.26535415649414,4867400,0.0,0.0,-0.04487601264417773,1.179633922152216,65.72713871002198,72.02311145864994,59.43116596139402,64.00714467533953,64.11871342789088,60.07103073090522,57.21858594259183,58.78957748413086
2018-02-05,57.77996906337291,58.55658080417559,55.43071438137079,56.01317596435547,6119000,0.0,0.0,-0.038653814513674445,1.134036571331306,65.24943103790284,72.85141191270549,57.64745016310019,62.58983952938166,62.72566231101121,60.29418098727973,57.21858594259183,58.148868560791016
2018-02-06,54.90650487079582,58.89634846344666,54.39199657337531,58.673072814941406,8420500,0.0,0.0,0.047486985067202614,1.1878885490597775,64.92169742584228,73.05189215757413,56.79150269411044,61.62905974135731,62.20630340701347,60.45426791590243,57.21858594259183,57.16839218139648
2018-02-07,58.89634811895967,61.546541508254855,58.624534931617376,59.12933349609375,8414300,0.0,0.0,0.007776321560512445,1.1971259523953168,64.64394283294678,73.16218624681547,56.12569941907809,60.67285618004405,62.20630340701347,60.815670715872365,57.21858594259183,57.47903823852539
2018-02-08,59.01284851474437,59.31378351539776,57.28488302941408,57.381961822509766,6774600,0.0,0.0,-0.02955168898867122,1.1617488585698637,64.20168762207031,73.25296060892865,55.15041463521197,60.05641378083228,62.20630340701347,61.06793203197341,57.42718643378757,57.33342742919922
2018-02-09,58.24593988871536,58.24593988871536,55.7122409110479,56.97423553466797,7755800,0.0,0.0,-0.007105478357518513,1.1534940771984237,63.675496673583986,73.11850970606962,54.232483641098355,58.96430821377833,62.20630340701347,62.35347090701945,58.66421240835099,57.14897155761719
2018-02-12,57.58582792215553,58.78957916367152,56.08114164764382,57.60524368286133,18347000,0.0,0.0,0.011075324526458985,1.1662693984427446,63.1958948135376,72.84902250150827,53.54276712556693,58.96430821377833,62.20630340701347,62.65665676891656,58.688461646940624,58.148868560791016
2018-02-13,57.66348870756999,58.38185330967374,57.11985853862257,58.20711517333984,7289900,0.0,0.0,0.010448206656186398,1.1784548221344606,62.76967220306396,72.5140431678254,53.025301238302525,58.02751983066241,62.20630340701347,62.8288811944916,58.77579018760429,56.96452713012695
2018-02-14,57.7605628581808,59.954491851631246,57.731441070327925,59.43998718261719,7001800,0.0,0.0,0.021180778425556435,1.2034154126066192,62.31146678924561,71.76994277712365,52.85299080136757,57.96926904081508,62.20630340701347,62.91134771279381,58.8582567059065,56.36266708374024
2018-02-15,60.070983454040935,60.070983454040935,58.2653586324456,58.63425064086914,4639500,0.0,0.0,-0.013555462912072769,1.1871025596132134,61.82122116088867,70.96632507650943,52.6761172452679,57.96926904081508,62.20630340701347,62.91134771279381,58.8582567059065,57.47903823852539
2018-02-16,58.52746296869139,59.34290627732835,58.35272485232796,59.0807991027832,6359800,0.0,0.0,0.007615829605278623,1.1961433304312177,61.291209602355956,69.74844454599186,52.83397465872005,57.96926904081508,62.20630340701347,63.25577350296928,59.20268249608196,56.9548225402832
2018-02-20,58.876932327485946,59.00312918321039,57.24604590061942,57.42078399658203,4373800,0.0,0.0,-0.028097370574037717,1.1625348480164281,60.682562828063965,68.3714103967268,52.99371525940112,58.629391209651374,62.20630340701347,64.1726318056541,60.11954079876679,57.04218673706055
2018-02-21,57.64407046568071,58.62454223006976,56.92570219132971,56.94511795043945,3818900,0.0,0.0,-0.008283865406137458,1.1529045658055155,60.088941192626955,66.95459349711926,53.22328888813464,57.89161218254442,62.20630340701347,64.33999544234828,60.11954079876679,57.21692657470703
2018-02-22,57.25576029686736,57.585820781583536,56.43061093666553,56.72183990478516,4884300,0.0,0.0,-0.0039209339393873055,1.148384103164574,59.48755111694336,65.21478326677472,53.76031896711199,57.89161218254442,62.20630340701347,64.63105847220817,60.11954079876679,55.16860961914063
2018-02-23,57.81880925318927,57.81880925318927,56.49856724410496,57.31401062011719,3495800,0.0,0.0,0.01043990668014394,1.160373126034573,59.02983512878418,63.83152712046402,54.22814313710434,58.07606255084238,62.20630340701347,65.10646185931682,60.328134382909695,55.42101287841797
2018-02-26,57.63435784148289,57.8770492634063,56.74125518632979,57.71202087402344,4800800,0.0,0.0,0.0069443797354245,1.1684311976565387,58.62356948852539,62.280079928293574,54.96705904875721,58.25079719535323,62.20630340701347,65.7079973478898,60.929669871482645,60.98350143432617
2018-02-27,57.82851625093799,59.03226742739868,55.9743537902832,55.9743537902832,5085300,0.0,0.0,-0.03010927459174051,1.1332505818847418,58.26632823944092,61.45798599023866,55.07467048864317,58.02266862216207,62.20630340701347,65.7079973478898,60.929669871482645,62.12900924682617
2018-02-28,56.20734056618062,56.43061625287925,54.30463680864953,54.92593002319336,9672500,0.0,0.0,-0.018730430922310082,1.112024310143082,57.91248474121094,60.93136639785341,54.89360308456847,57.18781013134523,62.051054772099235,65.7565048534,61.03064703536434,59.779762268066406
2018-03-01,55.17832212293785,55.86756487601408,54.52790718315615,55.68312072753906,5266500,0.0,0.0,0.013785669246309862,1.1273543094765703,57.65523147583008,60.50690640947383,54.80355654218633,56.82377154298894,62.026800743021035,65.7565048534,61.65551583262834,59.00313568115234
2018-03-02,55.12008096636093,55.89669656928879,54.28522178543784,55.799617767333984,4306300,0.0,0.0,0.002092142794311913,1.1297128956717781,57.395066261291504,59.90277393119361,54.8873585913894,56.65874460641826,61.575672347388576,66.46961512145037,61.65551583262834,58.333309173583984
2018-03-05,55.37248131660534,56.935414824415766,55.29481827620795,56.60535430908203,6151000,0.0,0.0,0.014439821883864834,1.1460257486651837,57.3120662689209,59.808803345817466,54.815329192024336,56.65874460641826,60.619468786075316,66.51531528807085,62.75368017539796,56.48885345458984
2018-03-06,56.92569998501504,57.5955306872192,56.187919683326434,57.44020462036133,5147200,0.0,0.0,0.014748610294368358,1.1629280358195582,57.38341770172119,59.807321933835475,54.95951346960691,56.65874460641826,60.003026386863546,66.32844246837843,63.02049230244654,55.09095764160156
2018-03-07,56.9742437698696,57.91588778586146,56.82863112100687,57.55670547485352,2458300,0.0,0.0,0.0020282109937139747,1.1652866992467057,57.327599334716794,59.67972611523715,54.975472554196436,56.65874460641826,58.9109208198096,65.81633678374011,63.02049230244654,55.27539825439453
2018-03-08,57.55670140127555,57.82851462245719,56.30441271252744,56.94511795043945,3176500,0.0,0.0,-0.01062582577248572,1.1529045658055153,57.21838855743408,59.422360443803775,55.01441667106439,56.65874460641826,58.9109208198096,65.63421952901486,63.02049230244654,55.45984649658203
2018-03-09,57.28488395456836,58.12945280384286,56.53739760313475,58.042083740234375,3804400,0.0,0.0,0.019263561641045923,1.175113613975153,57.25139465332031,59.48407402768626,55.01871527895436,56.65874460641826,57.97413243669368,65.32246817134934,63.02049230244654,55.84814834594727
2018-03-12,58.1100396611188,58.95460484523963,58.0517923816983,58.66337585449219,3808200,0.0,0.0,0.010704166256993553,1.1876922254699995,57.33585166931152,59.64747114068428,55.024232197938765,56.619913315338735,57.915881646846344,64.97299084262087,63.05444844512385,55.95492935180664
2018-03-13,59.0808064800425,59.721511752319145,58.67308292322412,58.78957748413086,3747500,0.0,0.0,0.0021512848144249475,1.1902472897188636,57.395068359375,59.79132002827916,54.998816690470846,57.00336676887849,57.915881646846344,64.06292905161521,63.05444844512385,53.993988037109375
2018-03-14,59.09050879834216,59.11963428832891,57.98383646145734,58.148868560791016,3355600,0.0,0.0,-0.010898342032017339,1.1772755676528257,57.39215602874756,59.78454960301291,54.9997624544822,57.00336676887849,57.915881646846344,62.657750920196435,62.72566231101121,53.023223876953125
2018-03-15,58.31389601769495,58.53717168705112,56.780088118542096,57.16839218139648,3333000,0.0,0.0,-0.016861486795216152,1.157424951214517,57.27857627868652,59.47712126665114,55.080031290721905,57.50816501426355,57.915881646846344,61.917681574185394,62.20630340701347,52.86789321899414
2018-03-16,57.24605653607522,57.81880846743319,56.760673668930416,57.47903823852539,3825300,0.0,0.0,0.0054338777998728105,1.1637142569619403,57.220815658569336,59.331891040996304,55.10974027614237,57.95471571782279,57.17810261973939,61.439579793528765,62.20630340701347,51.94500350952149
2018-03-19,57.27518015013992,57.37225524539458,56.537399797943,57.33342742919922,2810600,0.0,0.0,-0.0025332854165359686,1.1607662366057636,57.133447074890135,59.06447108631796,55.20242306346231,58.01296223242329,57.17810261973939,61.131358593922876,62.20630340701347,52.37245178222656
2018-03-20,57.51786353362535,58.0032463482551,56.90628015030231,57.14897155761719,2410700,0.0,0.0,-0.0032172482939348823,1.1570317634113865,57.119856452941896,59.046372034089394,55.1933408717944,58.01296223242329,57.17810261973939,60.5853058103959,62.20630340701347,52.741607666015625
2018-03-21,57.30429971154534,58.799279820716265,56.98394894711007,58.148868560791016,3113300,0.0,0.0,0.01749632540921131,1.1772755676528257,57.18004398345947,59.156083325541466,55.20400464137747,58.12945467772695,57.17810261973939,60.5853058103959,62.20630340701347,53.28563690185547
2018-03-22,57.566400780302864,58.64395121578321,56.915989589547394,56.96452713012695,2992700,0.0,0.0,-0.02036740283993499,1.1532975219128274,57.192178344726564,59.159683715398124,55.224672974055004,58.12945577513108,57.17810261973939,60.116911618837946,62.20630340701347,51.38153839111328
2018-03-23,57.44021407612218,58.49834901012856,56.31412582826769,56.36266708374024,3564900,0.0,0.0,-0.010565523435520752,1.1411123299169295,57.14461116790771,59.144123853165446,55.14509848264998,58.01781879029342,57.17810261973939,60.08778622391428,62.20630340701347,52.37245178222656
2018-03-26,57.314009841221306,57.66348609807395,56.624767058638255,57.47903823852539,2418200,0.0,0.0,0.01980692562199926,1.1637142569619403,57.13296203613281,59.12168517672159,55.14423889554403,57.7168800582983,57.00336676887849,60.08778622391428,62.20630340701347,51.73126220703125
2018-03-27,57.65377503787573,57.66348476877413,56.54710271880576,56.9548225402832,2926400,0.0,0.0,-0.009120119513252978,1.1531010438591711,57.181985473632814,59.10039726810363,55.263573679162,57.55670282449198,57.00336676887849,60.08778622391428,62.20630340701347,52.100433349609375
2018-03-28,57.187803062697725,57.71201739117919,56.89657411460036,57.04218673706055,3049600,0.0,0.0,0.001533920972461189,1.1548698097337136,57.28779830932617,58.90331012963026,55.67228648902208,57.55670282449198,57.00336676887849,60.417847308332426,62.20630340701347,52.88733673095703
2018-03-29,57.100435732585055,57.46932771967796,56.9742351600996,57.21692657470703,4110800,0.0,0.0,0.0030633439501883686,1.1584075731786165,57.36448860168457,58.80201249738874,55.9269647059804,57.55670282449198,57.00336676887849,60.04895779477894,62.20630340701347,52.78047180175781
2018-04-02,56.993646240944784,56.993646240944784,54.236671849105086,55.16860961914063,5276500,0.0,0.0,-0.03579914333378165,1.116937574427457,57.3329381942749,58.92738423126084,55.73849215728897,56.51797583491067,56.97909180071211,60.04895779477894,62.20630340701347,52.87762069702149
2018-04-03,55.411306851005584,56.129671381192296,53.8580795394432,55.42101287841797,5666900,0.0,0.0,0.0045751245322260825,1.1220477029251852,57.2737211227417,59.05139894916521,55.496043296318184,56.32867968007973,56.78979564588117,60.14118297892793,62.20630340701347,52.08100509643555
2018-04-04,56.81891566138359,62.20666829926324,56.31411704922292,60.98350143432617,18562300,0.0,0.0,0.10036786170096046,1.2346652315942606,57.450885963439944,59.861329287043404,55.040442639836485,58.03237391935322,58.03237391935322,60.22855030118335,62.20630340701347,52.64445495605469
2018-04-05,61.60479484254347,63.00269992063068,60.84759872736458,62.12900924682617,6946200,0.0,0.0,0.018783897046869447,1.2578570561918763,57.679501152038576,60.84517776871886,54.51382453535829,58.43038973003694,58.43038973003694,60.11448601458777,62.20630340701347,52.741607666015625
2018-04-06,61.294154610037225,61.91544415578708,58.59542675699462,59.779762268066406,7352200,0.0,0.0,-0.03781240047506107,1.2102944614427678,57.82123336791992,61.09584929706153,54.54661743877832,58.43038973003694,58.43038973003694,59.61943245172223,62.162623524650584,52.741607666015625
2018-04-09,59.8671165267962,60.34279333000826,58.97401389634367,59.00313568115234,3591000,0.0,0.0,-0.01299146328872125,1.1945709653783914,57.86928596496582,61.18385192001909,54.55472000991255,58.43038973003694,58.43038973003694,59.42528614300499,62.162623524650584,49.74945068359375
2018-04-10,59.8088734342191,59.82828919197212,58.00324869813696,58.333309173583984,5845800,0.0,0.0,-0.011352388306750893,1.1810097319194455,57.85278263092041,61.15449198477843,54.551073277062386,58.43038973003694,58.43038973003694,59.117208476903414,62.15291601304474,49.51630401611328
2018-04-11,57.78967961088952,58.673076229506506,56.34324082483504,56.48885345458984,4784200,0.0,0.0,-0.03161925399269827,1.143667085238036,57.73774642944336,61.061369022661296,54.41412383622543,58.43038973003694,58.43038973003694,58.639106696246785,62.15291601304474,49.83687973022461
2018-04-12,56.78009171675098,56.8965825726717,54.848266198246485,55.09095764160156,6193300,0.0,0.0,-0.024746400882645125,1.1153654410704492,57.58485088348389,61.09685849278054,54.072843274187235,58.43038973003694,58.43038973003694,58.3308854966409,62.15291601304474,50.54605484008789
2018-04-13,55.20744495087478,55.96464472365916,54.26580472931087,55.27539825439453,6269900,0.0,0.0,0.0033479289649103183,1.119099605337069,57.49020118713379,61.14277501837127,53.837627355896316,58.43038973003694,58.43038973003694,57.78483271311393,62.15291601304474,50.77921676635742
2018-04-16,55.55692158709421,56.22674859925385,54.83855702967848,55.45984649658203,3304700,0.0,0.0,0.0033368957621726647,1.1228339240675673,57.38924160003662,61.148702531447135,53.629780668626104,58.634252324970774,58.43038973003694,57.78483271311393,62.15291601304474,49.41914749145508
2018-04-17,55.83844231855208,56.34324091617689,55.59575089872345,55.84814834594727,3201700,0.0,0.0,0.007001495205890551,1.1306954404039378,57.31497764587402,61.1347692893775,53.495186002370545,58.634252324970774,58.43038973003694,57.316438521555966,62.15291601304474,50.2740592956543
2018-04-18,56.11025170179008,56.780082344924935,55.77048521844409,55.95492935180664,2629800,0.0,0.0,0.001911988293648026,1.1328573168496714,57.25527553558349,61.12112848415471,53.38942258701228,58.09062444254897,58.43038973003694,57.26789748109254,62.15291601304474,49.9923210144043
2018-04-19,55.83844437707498,55.88698192219464,52.615502499188985,53.993988037109375,7194300,0.0,0.0,-0.03504501457535936,1.0931563156688722,57.04753150939941,61.141348225071994,52.95371479372683,56.47914791459863,57.809101209909834,57.45962420786242,62.15291601304474,51.867279052734375
2018-04-20,54.12019020407793,54.7026481689495,52.81936395956582,53.023223876953125,4402800,0.0,0.0,-0.017979115739497842,1.0735023317480985,56.850466346740724,61.308646696602835,52.39228599687861,56.22189584558055,57.809101209909834,57.45962420786242,62.15291601304474,51.77012634277344
2018-04-23,53.0232155654914,53.53772384709475,52.45046371843711,52.86789321899414,3127300,0.0,0.0,-0.002929483471609484,1.0703575244105081,56.675727653503415,61.4622393973695,51.88921590963733,55.561769973971806,57.7265818195339,57.71202333055494,62.15291601304474,51.002662658691406
2018-04-24,53.46050896689973,53.90739229710845,51.80899698959264,51.94500350952149,4777700,0.04,0.0,-0.01745652518532892,1.0516728013283299,56.39902591705322,61.59475129247084,51.203300541635606,54.352789781132174,57.405848455111666,57.56640916878109,62.15291601304474,50.26433563232422
2018-04-25,52.02271862213429,52.43074187754182,51.3426823337215,52.37245178222656,4473600,0.0,0.0,0.008228862139295412,1.0603268718261072,56.16990737915039,61.647040053711144,50.69277470458963,54.06138233932322,57.172691127176094,57.59553242608134,62.15291601304474,50.14775466918945
2018-04-26,53.02333752881904,53.042763851999375,51.50782861371367,52.741607666015625,5479400,0.0,0.0,0.007048665304501656,1.0678007610589786,55.954878425598146,61.61478556673523,50.29497128446106,54.06138233932322,57.172691127176094,57.59553242608134,62.15291601304474,50.58493041992188
2018-04-27,52.70275081756928,53.8199534693337,52.6347475645992,53.28563690185547,3341400,0.0,0.0,0.010314991520260275,1.0788151168546294,55.758313941955564,61.502601178132124,50.014026705779,54.06138233932322,57.172691127176094,57.653778648733166,62.15291601304474,50.51692199707031
2018-04-30,53.188490440104566,53.47993348215815,51.352395198677726,51.38153839111328,4122000,0.0,0.0,-0.03573380410652249,1.040264948801791,55.5689603805542,61.623273705571314,49.51464705553709,54.06138233932322,57.172691127176094,57.653779197435234,62.15291601304474,50.79865264892578
2018-05-01,51.303825976077626,52.965054780616285,50.94437594714966,52.37245178222656,5687100,0.0,0.0,0.019285397482078137,1.0603268718261072,55.416532325744626,61.6312112645196,49.20185338696965,53.41567893467215,56.97353793389017,57.597960705016405,62.15291601304474,50.944374084472656
2018-05-02,52.30443502573007,52.741601363025566,51.61468575238534,51.73126220703125,3035700,0.0,0.0,-0.012242878715349903,1.0473454185357138,54.95392036437988,60.80513555472582,49.10270517403394,52.82351205804958,56.97353793389017,57.3601234135884,62.15291601304474,52.45988464355469
2018-05-03,51.74098335793428,52.21700982225845,51.128954097102245,52.100433349609375,2570900,0.0,0.0,0.007136325827517664,1.0548196166963426,54.45249156951904,59.397912951691346,49.507070187346734,52.425884122129055,56.97353793389017,57.280034796685236,62.15291601304474,52.16843795776367
2018-05-04,51.85757094790215,53.33422006746176,51.33297118715733,52.88733673095703,3416200,0.0,0.0,0.015103586107764189,1.0707511756052746,54.10787029266358,58.436165890190146,49.77957469513701,52.425884122129055,56.97353793389017,57.280034796685236,62.15291601304474,53.1204833984375
2018-05-07,53.042767949846485,53.22735138741183,52.47931188660869,52.78047180175781,3863700,0.0,0.0,-0.0020206146840565653,1.0685876000568757,53.796737098693846,57.518799851915986,50.074674345471706,52.382164708241675,56.97353793389017,57.280034796685236,62.15291601304474,50.992950439453125
2018-05-08,52.74161418255999,53.1302036944643,52.4015941905067,52.87762069702149,2543900,0.0,0.0,0.001840621956328281,1.0705544658558006,53.523952674865725,56.61628096781014,50.43162438192131,52.382164708241675,56.97353793389017,56.74853381781139,62.128641044878364,51.5564079284668
2018-05-09,52.96505109813759,53.20792091954914,51.51754533192906,52.08100509643555,2946800,0.0,0.0,-0.015065269391571157,1.0544262744293333,53.30356025695801,56.13369807487499,50.47342243904102,52.382164708241675,56.97353793389017,56.55923766298045,61.93934489004742,51.31353378295898
2018-05-10,52.37244197399162,52.98447488953246,52.187862265577245,52.64445495605469,2421000,0.0,0.0,0.010818720924756109,1.0658338180281146,53.18123512268066,55.8998843082484,50.46258593711292,52.212154714653906,56.97353793389017,58.03237391935322,61.93934489004742,50.48777389526367
2018-05-11,52.68331757877726,53.55765035785711,52.63474435902819,52.741607666015625,2029800,0.0,0.0,0.0018454500106808158,1.0678007610589786,53.05454559326172,55.599839567771966,50.50925161875148,52.25101315250339,56.42991005146837,58.43038973003694,61.93934489004742,50.58493041992188
2018-05-14,52.80961091484416,53.1593440264761,52.498737861371126,52.741607666015625,2627500,0.0,0.0,0.0,1.0678007610589786,52.9186336517334,55.2107643481955,50.626502955271306,52.34330222747968,55.64358463857896,58.43038973003694,61.82777613749607,50.740360260009766
2018-05-15,52.14900557745519,52.43073544473026,49.41914759579865,49.74945068359375,5502400,0.0,0.0,-0.0567323810333884,1.0072218814148386,52.61369876861572,54.888206048290535,50.339191488940905,51.48839897682788,54.62371839388538,58.43038973003694,61.803522108417866,50.20604705810547
2018-05-16,49.65231053316015,50.09919014799975,48.5739678538605,49.51630401611328,6153300,0.0,0.0,-0.004686416920727021,1.0025016197468495,52.29176750183105,54.39815188255864,50.18538312110346,51.065809105858804,53.6235220416835,58.43038973003694,61.36210122439125,49.739742279052734
2018-05-17,49.52600669821992,50.167182789966944,49.49686350956287,49.83687973022461,2533400,0.0,0.0,0.006474144637431012,1.0089919602323494,52.08391208648682,54.29632758094459,49.87149659202905,51.065809105858804,52.7352752132661,58.43038973003694,60.405897663077994,47.81621170043945
2018-05-18,49.83687556350104,50.886074738220366,49.59400579593437,50.54605484008789,2516000,0.0,0.0,0.014229925984575287,1.0233498411454873,51.96005363464356,54.22556304050948,49.69454422877764,51.065809105858804,52.67702509939272,58.43038973003694,59.78945526386623,50.13804244995117
2018-05-21,50.79864679450576,51.50782614537478,50.507203784078605,50.77921676635742,2469200,0.0,0.0,0.004612861023618686,1.0280704117412338,51.85561981201172,54.13678588059827,49.57445374342517,51.065809105858804,52.67702509939272,58.43038973003694,58.69734969681228,49.79803085327149
2018-05-22,49.94374716612186,50.33234034126004,49.29285785954946,49.41914749145508,4351900,0.0,0.0,-0.026783975049481823,1.000534599484046,51.729327011108396,54.24684213272714,49.21181188948965,51.065809105858804,52.67702509939272,58.532321027503855,58.69734969681228,50.55577850341797
2018-05-23,48.92370351331403,50.36149259049143,48.77798011995221,50.2740592956543,3793600,0.0,0.0,0.017299201778967044,1.0178430494073585,51.62440738677979,54.20082700652678,49.047987767032794,51.065809105858804,52.67702509939272,58.532321027503855,58.43038973003694,51.002662658691406
2018-05-24,50.24490769318615,50.65292719689639,49.48715136273979,49.9923210144043,2823400,0.0,0.0,-0.005604048791706617,1.0121390072961802,51.486943054199216,54.103761363805276,48.870124744593156,50.8666559401683,52.23047488802757,58.26050708629296,58.43038973003694,50.68206787109375
2018-05-25,50.26434043687772,52.21701219245566,50.225480375597705,51.867279052734375,4303900,0.0,0.0,0.03750492076152745,1.0500992005644745,51.416025161743164,53.90650799486471,48.92554232862162,50.50235164929538,51.638308011405,57.144124562254234,57.809101209909834,50.88608169555664
2018-05-29,51.546686576292124,52.63474221921389,51.45925330193865,51.77012634277344,3058900,0.0,0.0,-0.0018731021124543945,1.0481322575336105,51.435454559326175,53.93066793622619,48.940241182426156,50.6043550365372,51.24068007548448,57.015498527745194,57.809101209909834,51.60498809814453
2018-05-30,51.94499875465408,52.07128839394233,50.89579934398644,51.002662658691406,2381300,0.0,0.0,-0.014824450668723621,1.0325942725875055,51.36696510314941,53.83019022517035,48.903739981128474,50.70636116958305,51.24068007548448,56.644175896752856,57.7265818195339,52.15871810913086
2018-05-31,51.05123141558168,51.16780788237926,50.186615517193125,50.26433563232422,3344800,0.0,0.0,-0.01447624472683029,1.0176461851940055,51.293618774414064,53.796559233205826,48.7906783156223,50.70636116958305,51.1969606615971,55.87931911812192,57.405848455111666,53.07191467285156
2018-06-01,50.51691779844519,50.57520788387473,49.24427872747611,50.14775466918945,3821000,0.0,0.0,-0.002319357486141649,1.0152858998961323,51.195984840393066,53.71789373866012,48.67407594212601,50.70636116958305,51.1969606615971,55.617036733249655,57.172691127176094,52.799896240234375
2018-06-04,50.42949386920217,50.80837022996272,50.14776396292905,50.58493041992188,3156300,0.0,0.0,0.008717753239728454,1.0241369118392023,51.08086452484131,53.48991637773587,48.67181267194675,50.70636116958305,51.1969606615971,55.617036733249655,57.172691127176094,52.46935272216797
2018-06-05,50.18661889731504,51.36210792360026,50.18661889731504,50.51692199707031,3526200,0.0,0.0,-0.0013444403755625833,1.0227600208248218,50.96768703460693,53.255038837010055,48.68033523220381,50.70636116958305,51.065809105858804,55.617036733249655,57.172691127176094,52.28463745117188
2018-06-06,50.380916260340825,50.83751270970098,49.35114688519428,50.79865264892578,2978700,0.0,0.0,0.005576956012320222,1.0284639084721214,50.86373863220215,52.97478219642158,48.75269506798272,50.939510473344995,51.065809105858804,55.617036733249655,57.172691127176094,52.55685424804688
2018-06-07,50.905517728249485,51.58555028589865,50.584927774586745,50.944374084472656,2472900,0.0,0.0,0.0028686082789235456,1.0314141685545386,50.806907081604,52.842875424654274,48.77093873855373,50.939510473344995,51.065809105858804,55.194608434281164,56.97353793389017,52.54713439941406
2018-06-08,50.93466236798256,52.605608027702175,50.84722907867399,52.45988464355469,3611200,0.0,0.0,0.029748339955440573,1.062097027875557,50.797678565979005,52.80131592482583,48.79404120713218,50.939510473344995,51.065809105858804,54.89852499596988,56.97353793389017,54.00541687011719
2018-06-11,52.45988099991667,52.91647744635929,51.925568138319605,52.16843795776367,2857400,0.0,0.0,-0.005555610496883245,1.0561964304787832,50.769020080566406,52.673516319373384,48.86452384175943,51.0803780869177,51.065809105858804,54.69971102800962,56.97353793389017,53.63597869873047
2018-06-12,52.30444071535057,53.25648989463548,52.12957416141058,53.1204833984375,2473900,0.0,0.0,0.018249452694838464,1.075471437273263,50.7879638671875,52.77715900540169,48.79876872897331,51.2503843110558,51.065809105858804,54.69971102800962,56.97353793389017,53.60681915283203
2018-06-13,52.897048991175765,52.897048991175765,50.2740541218969,50.992950439453125,5765800,0.0,0.0,-0.04005108430634041,1.0323976400699704,50.85013885498047,52.78189911645329,48.918378593507654,51.2503843110558,51.065809105858804,54.67785132106592,56.97353793389017,53.15961456298828
2018-06-14,50.944374910756295,51.653554379449616,50.61407178915534,51.5564079284668,5309500,0.0,0.0,0.011049713424264418,1.0438053381326304,50.95214405059814,52.80437480823804,49.09991329295825,51.30381838991488,51.065809105858804,54.67785132106592,56.97353793389017,52.79017639160156
2018-06-15,51.488400344752726,52.12957650269669,50.62378440360547,51.31353378295898,5237400,0.0,0.0,-0.0047108430409814606,1.038888135019349,51.025976753234865,52.81025118785661,49.24170231861312,51.30381838991488,51.065809105858804,54.67785132106592,56.97353793389017,51.127723693847656
2018-06-18,50.89579336980793,51.682692835441934,50.157470827628295,50.48777389526367,4621900,0.0,0.0,-0.016092438520956764,1.0221698915763988,51.02306270599365,52.810686349727035,49.23543906226027,51.30381838991488,51.065809105858804,54.59284632427204,56.97353793389017,49.92219924926758
2018-06-19,50.12833393085162,51.18724659072328,50.10890760467389,50.58493041992188,3675600,0.0,0.0,0.0019243574664187246,1.0241369118392023,51.01334838867187,52.80834326393802,49.218353513405724,51.68269874965468,50.91522887424799,54.34046160198588,56.97353793389017,51.06938934326172
2018-06-20,50.42948719968466,51.03180329082716,49.66201771067615,50.740360260009766,2646300,0.0,0.0,0.0030726510602585577,1.027283727207215,51.07940902709961,52.724269916518175,49.43454813768104,51.459253802655816,50.91522887424799,53.99344343302932,56.97353793389017,50.66106796264648
2018-06-21,50.76950308618007,50.95408651222625,50.09918374953119,50.20604705810547,2089100,0.0,0.0,-0.010530339145530365,1.0164660811610386,51.07600841522217,52.72785742434506,49.42415940609928,51.459253802655816,50.91522887424799,53.05605868535663,56.21092375821466,50.43747329711914
2018-06-22,50.12833178627765,50.244911973754704,49.273432646843126,49.739742279052734,6717300,0.0,0.0,-0.009287821017118891,1.0070253261292428,51.06337947845459,52.75203108105277,49.374727875856415,51.264961270739306,51.01723500729385,52.34466557377115,55.78833388724559,50.81661987304688
2018-06-25,49.49687042253719,49.60373373706988,47.32075518867864,47.81621170043945,6268700,0.0,0.0,-0.038671904808468494,0.9680817385774557,50.860826110839845,53.02574552251172,48.69590669916797,50.1089020899272,50.28862254165706,51.90054215956245,55.78833388724559,50.301361083984375
2018-06-26,51.34267459093696,52.33358382646344,49.59401276008397,50.13804244995117,15700800,0.0,0.0,0.04855739647585633,1.0150892673785976,50.77922191619873,52.92360966994546,48.634834162451995,49.82716950757104,50.28862254165706,51.87141710262576,55.78833388724559,49.397216796875
2018-06-27,50.71122383243776,50.75008389663626,49.5163046525816,49.79803085327149,5202200,0.0,0.0,-0.006781509210677439,1.0082054301622099,50.718990325927734,52.902631596887346,48.53534905496812,49.82716950757104,50.28862254165706,51.87141710262576,55.78833388724559,50.04859161376953
2018-06-28,49.38028955976413,50.67235496987232,49.32199947358743,50.55577850341797,3493400,0.0,0.0,0.015216417941889215,1.0235467053588403,50.73356246948242,52.90865366050585,48.558471278458995,49.82716950757104,50.28862254165706,51.87141710262576,55.78833388724559,50.32080078125
2018-06-29,51.55640555679953,51.80899224717481,50.95408943543443,51.002662658691406,4336100,0.0,0.0,0.008839427826103474,1.0325942725875057,50.77630786895752,52.93706908101448,48.615546656900555,49.82716950757104,50.28862254165706,51.87141710262576,55.78833388724559,51.52632522583008
2018-07-02,50.51691818662286,51.43982416390443,50.13804189316704,50.68206787109375,2798600,0.0,0.0,-0.006285844128238294,1.0261035459423091,50.781164741516115,52.94060542152519,48.62172406150704,49.82716950757104,50.28862254165706,51.548565414097936,55.78833388724559,51.7888069152832
2018-07-03,50.96379810473641,51.2941011820233,50.594638675809165,50.88608169555664,1062500,0.0,0.0,0.004025365045912999,1.0302339872896327,50.79962272644043,52.955988704890395,48.64325674799047,49.82716950757104,50.28862254165706,51.07032983035019,55.78833388724559,51.96381378173828
2018-07-05,51.28440180204214,51.75071150012747,50.90552540396656,51.60498809814453,2553700,0.0,0.0,0.014127761042577403,1.0447888868800024,50.839939498901366,53.02499874186079,48.65488025594194,49.82716950757104,50.28862254165706,50.92251755601084,55.78833388724559,51.895755767822266
2018-07-06,51.69240852715293,52.82904114426719,51.4495387215874,52.15871810913086,2982500,0.0,0.0,0.01073016449365749,1.0559996434973702,50.90065670013428,53.160969563098554,48.64034383717,50.07489816647291,50.28862254165706,50.97352062253376,55.78833388724559,49.36805725097656
2018-07-09,52.79018478921627,53.13991792670844,52.54731496661331,53.07191467285156,3830600,0.0,0.0,0.017508033111742538,1.0744881202217105,50.93125820159912,53.29067767350647,48.57183872969177,51.23095870014794,50.28862254165706,50.951660915590075,55.78833388724559,49.57221984863281
2018-07-10,53.324495929469904,53.64508586374693,52.37244670043095,52.799896240234375,4509900,0.0,0.0,-0.005125468607906414,1.0689808650919457,50.96283111572266,53.404011579113146,48.52165065233217,51.483542668667184,50.48292052621278,50.951660915590075,55.78833388724559,48.833343505859375
2018-07-11,52.4499083818072,53.24710779345549,52.42074001695167,52.46935272216797,3393400,0.04,0.0,-0.006260306205195243,1.0622887175489757,50.93027458190918,53.269650771434925,48.59089839238344,51.483542668667184,50.48292052621278,50.951660915590075,55.78833388724559,49.076393127441406
2018-07-12,52.69296121357365,52.86795658194169,51.88603771402889,52.28463745117188,3156300,0.0,0.0,-0.003520441198773261,1.0585489925827243,50.99485893249512,53.408548101089806,48.581169763900434,51.891563878456985,50.48292052621278,50.886085137720926,55.78833388724559,49.16388702392578
2018-07-13,52.187419171397,52.74156993205733,52.07075682931824,52.55685424804688,1374300,0.0,0.0,0.005206439408310448,1.0640602637733343,51.04488124847412,53.543946441799875,48.545816055148364,51.891563878456985,50.48292052621278,51.0026597896019,55.78833388724559,49.70832443237305
2018-07-16,52.49852539540343,53.06240022608871,51.97353925137837,52.54713439941406,2705700,0.0,0.0,-0.00018493969572352942,1.0638634767919206,51.106561279296876,53.68951379802006,48.523608760573694,52.11986226977805,50.48292052621278,51.0026597896019,55.78833388724559,51.779090881347656
2018-07-17,52.54712476538696,54.21930089890544,52.47907143052316,54.00541687011719,3670400,0.0,0.0,0.027751893369077463,1.0933877025591061,51.28244342803955,54.14045056015061,48.42443629592849,52.562413151436,50.77002804379204,51.0026597896019,55.78833388724559,51.06938934326172
2018-07-18,53.39293002880628,53.83041837639551,52.73184105855057,53.63597869873047,2845400,0.0,0.0,-0.006840761405012663,1.0859080981627243,51.43499584197998,54.45090035805826,48.419091325901704,52.834419810246416,50.77002804379204,51.07309359638825,55.78833388724559,50.27218627929688
2018-07-19,53.59709883690539,54.03458722617912,53.21794346907774,53.60681915283203,3054800,0.0,0.0,-0.0005436564523643161,1.0853177372184835,51.5783187866211,54.71977468292861,48.436862890313584,53.052669306467166,50.77002804379204,51.1580967084573,55.78833388724559,50.11663436889648
2018-07-20,53.52904964348914,53.59710298613022,52.68323745587172,53.15961456298828,3604900,0.0,0.0,-0.008342307880062405,1.0762636825069143,51.72599716186524,54.87327846056098,48.57871586316949,53.052669306467166,50.77002804379204,51.1580967084573,55.78833388724559,50.96245193481445
2018-07-23,53.47071348679563,53.51932248460332,52.55685171867314,52.79017639160156,3298100,0.0,0.0,-0.00694960214485707,1.0687840781105324,51.87851886749267,54.9186841287316,48.83835360625375,53.052669306467166,50.77002804379204,51.18481374788684,55.78833388724559,51.14717102050781
2018-07-24,52.702678201043206,52.82906456102069,51.05967035585104,51.127723693847656,4230200,0.0,0.0,-0.03149170568064985,1.0351262444865108,52.044094467163085,54.47496195153374,49.613226982792426,52.639485627378235,50.77002804379204,51.18481374788684,55.78833388724559,51.22494888305664
2018-07-25,50.583291980198354,50.93328268582391,49.13472387023876,49.92219924926758,4684000,0.0,0.0,-0.023578684077522172,1.0107193297874113,52.033302307128906,54.4999661041649,49.566638510092915,51.677012384572095,50.77002804379204,51.18481374788684,55.78833388724559,50.3985710144043
2018-07-26,50.14580729201271,51.127722363725006,49.66943022980088,51.06938934326172,4648200,0.0,0.0,0.022979558417810964,1.0339452136702718,52.096870231628415,54.38722446024621,49.80651600301062,51.677012384572095,50.77002804379204,51.29896381195134,55.24470600482379,50.23329925537109
2018-07-27,51.224938977436814,51.72076036646083,49.95136625493649,50.66106796264648,5910500,0.0,0.0,-0.007995423204901098,1.0256783841162962,52.102134704589844,54.3785874384494,49.82568197073029,51.677012384572095,50.77002804379204,51.1872413384519,54.458380591934386,50.28191757202149
2018-07-30,50.748575373651335,50.98190007673583,50.35969592367145,50.43747329711914,3535800,0.0,0.0,-0.0044135403085501235,1.0211515112243903,52.07387523651123,54.41799126992913,49.72975920309332,51.58465554820894,50.77002804379204,51.1872413384519,54.20112852291631,51.059669494628906
2018-07-31,50.69023351751509,50.99161522420517,50.097194128437415,50.81661987304688,2725100,0.0,0.0,0.007517160379828081,1.028827670906368,52.08060283660889,54.409256783918806,49.75194888929897,51.58465554820894,50.77002804379204,51.14109813901658,53.6235220416835,50.884674072265625
2018-08-01,50.9818944838484,51.08883650629242,50.07775301416747,50.301361083984375,2954400,0.0,0.0,-0.010139572257063856,1.0183957983971461,52.05136680603027,54.45360409421343,49.649129517847115,51.365913428184484,51.677012384572095,50.19876231579213,52.10866888067517,49.12500762939453
2018-08-02,49.99997650607355,50.17497185852292,48.92083973551203,49.397216796875,4854100,0.0,0.0,-0.017974549149868846,1.0000905930648367,51.9409782409668,54.60659393382225,49.275362548111346,51.22008111005768,51.57007031720873,50.05789602461405,52.05041876680178,49.28055191040039
2018-08-03,49.52360549231248,50.18469830260008,49.3388898015609,50.04859161376953,2589800,0.0,0.0,0.013186467965857984,1.013278255633242,51.83547191619873,54.62383586591939,49.047107966478066,50.87495214826636,51.57007031720873,50.05789602461405,52.05041876680178,49.7472038269043
2018-08-06,50.01942276937746,50.563849479149184,49.42638335312285,50.32080078125,2038000,0.0,0.0,0.005438897653327279,1.0187893723599732,51.697916221618655,54.50027632904238,48.89555611419493,50.320800050986435,51.57007031720873,50.05789602461405,52.05041876680178,50.76801300048828
2018-08-07,50.408299704459566,51.60410259121849,50.20413968325835,51.52632522583008,1989200,0.0,0.0,0.023956781805214655,1.0431962870590727,51.634237670898436,54.39054809139337,48.8779272504035,50.320800050986435,51.57007031720873,50.05789602461405,52.05041876680178,50.8943977355957
2018-08-08,51.71102956694912,51.86658055498919,51.32215395116297,51.7888069152832,2518400,0.0,0.0,0.005094127871582588,1.048510462340512,51.6002103805542,54.330848628361494,48.86957213274691,50.39371014525061,51.57007031720873,50.05789602461405,51.60386855543664,51.06938934326172
2018-08-09,51.84715144195417,52.47907584869465,51.60410273737038,51.96381378173828,2096800,0.0,0.0,0.003379241131029609,1.0520536320211678,51.58416919708252,54.3021393817309,48.86619901243413,50.69995779210334,51.57007031720873,50.05789602461405,51.01170167881407,49.73748397827149
2018-08-10,51.48743205240489,51.98325344193823,50.6221793353851,51.895755767822266,2841000,0.0,0.0,-0.001309719378987051,1.050675736991576,51.55111427307129,54.23649667315626,48.86573187298632,50.69995779210334,51.57007031720873,50.05789602461405,50.614073742893545,50.369415283203125
2018-08-13,51.555495838706186,51.58466420841052,49.05695517074536,49.36805725097656,4111600,0.0,0.0,-0.04870723008938216,0.9995002321205961,51.392160415649414,54.19788771376001,48.58643311753882,50.69995779210334,51.57007031720873,50.18176035406499,50.614073742893545,49.96109771728516
2018-08-14,49.52360713646874,50.05831730123956,49.20278474623549,49.57221984863281,3508200,0.0,0.0,0.0041355201931145835,1.0036336855135535,51.17050056457519,53.80912453530943,48.531876593840956,50.69995779210334,51.57007031720873,50.7597906209025,50.570354329006165,49.30972290039063
2018-08-15,49.21249887785502,49.28055221597584,48.35697013901364,48.833343505859375,3576900,0.0,0.0,-0.014905048533827459,0.9886744767207898,50.93036880493164,53.50030132878625,48.36043628107703,50.418022993854144,51.288135518959535,50.98323159743998,50.570354329006165,48.73612594604492
2018-08-16,49.02778412909935,49.59165518539913,48.687517432076106,49.076393127441406,2409100,0.0,0.0,0.004977124319838211,0.9935952325032802,50.70384750366211,53.07948808995834,48.32820691736588,50.418022993854144,51.288135518959535,50.98323159743998,50.570354329006165,47.637542724609375
2018-08-17,48.969447336894085,49.3680470264262,48.658345321094814,49.16388702392578,2387200,0.0,0.0,0.001782810245593458,0.9953666242637599,50.50406112670898,52.68176342168759,48.326358831730374,50.418022993854144,51.288135518959535,51.187242202334886,50.48292052621278,47.51116943359375
2018-08-20,49.154173656609714,50.08747983593436,49.154173656609714,49.70832443237305,2091700,0.0,0.0,0.011073929288428985,1.006389243876919,50.34996852874756,52.2780991409876,48.42183791650752,50.418022993854144,51.288135518959535,51.187242202334886,50.48292052621278,46.568138122558594
2018-08-21,50.91383814508689,52.17769058148898,50.83606449338132,51.779090881347656,4316800,0.0,0.0,0.041658343398636166,1.0483137525910375,50.38253688812256,52.38354745280406,48.38152632344106,50.418022993854144,51.288135518959535,51.30139139799542,50.48292052621278,45.77093124389648
2018-08-22,51.681873077925886,51.74020609838917,50.8457849944288,51.06938934326172,1503600,0.0,0.0,-0.01370633446833247,1.033945213670272,50.43989639282226,52.4506869871197,48.42910579852482,50.26733036025131,51.195778682596384,51.666220597614014,50.77002804379204,45.39177322387695
2018-08-23,50.93327896189258,51.040220970640185,50.029137608008114,50.27218627929688,1780300,0.0,0.0,-0.015610193781767312,1.0178051285251484,50.40003623962402,52.390619308234314,48.40945317101373,50.26733036025131,51.195778682596384,51.80222392701923,50.77002804379204,45.84871292114258
2018-08-24,50.3013537292473,50.66106471781352,50.06802537724619,50.11663436889648,1395200,0.0,0.0,-0.0030941942635278608,1.0146558417350766,50.37281455993652,52.363263479778894,48.38236564009415,50.26733036025131,50.977036562571925,51.9113486751296,50.77002804379204,45.46954727172852
2018-08-27,50.16525245954247,51.254113354874605,50.11664345907545,50.96245193481445,1632500,0.0,0.0,0.016876982594084655,1.0317801707150258,50.39906349182129,52.40618856700818,48.391938416634396,50.26733036025131,50.93814631180848,51.9113486751296,50.77002804379204,44.95428466796875
2018-08-28,50.96245162776545,51.31244236282572,50.81662462724299,51.14717102050781,2495500,0.0,0.0,0.003624611428226343,1.0355199729132167,50.41559104919433,52.441757973061264,48.3894241253274,50.4180179512919,50.59301735001716,51.9113486751296,50.77002804379204,43.44738006591797
2018-08-29,51.10828653133848,51.52633064267695,50.544415407509625,51.22494888305664,2285500,0.0,0.0,0.001520667927413566,1.037094654924222,50.46177043914795,52.51762473060796,48.40591614768793,50.4180179512919,50.418022993854144,51.70475683558514,50.77002804379204,43.53488540649414
2018-08-30,50.972166008640144,51.24437932501368,50.34023800005499,50.3985710144043,1569700,0.0,0.0,-0.016132331738171413,1.0203638999071,50.51183815002442,52.50885377519184,48.514822524856996,50.665932119049344,50.418022993854144,51.22352021418207,50.77002804379204,44.17652893066406
2018-08-31,50.4471832799068,50.59301397093179,49.99025057608179,50.23329925537109,1480800,0.0,0.0,-0.003279294545592837,1.0170178261356149,50.521073532104495,52.51105439339706,48.53109267081193,51.08397057878538,50.418022993854144,51.22352021418207,50.77002804379204,43.07794952392578
2018-09-04,50.19441988936323,50.486077595347766,50.01942452404672,50.28191757202149,1643500,0.0,0.0,0.0009678503576531217,1.01800214720238,50.51912937164307,52.509974225889366,48.52828451739677,50.86522833723548,50.418022993854144,51.22352021418207,50.77002804379204,42.50435256958008
2018-09-05,50.30135876481198,51.35132718235629,49.97081239641996,51.059669494628906,2357300,0.0,0.0,0.015467825416431324,1.0337484266888586,50.495796585083006,52.44905754469734,48.54253562546867,50.748571519548456,50.418022993854144,51.17734179600049,50.77002804379204,42.10575866699219
2018-09-06,51.20549641574839,51.81798015519748,50.77773205489513,50.884674072265625,2074700,0.0,0.0,-0.0034272729160866877,1.0302054887040206,50.450589942932126,52.32128631018465,48.579893575679606,50.89439627580872,50.418022993854144,51.17734179600049,50.77002804379204,41.95021057128906
2018-09-07,50.39858429696029,50.44719330074814,49.03750993912468,49.12500762939453,2957800,0.0,0.0,-0.03458146239419835,0.9945794763381058,50.30864963531494,52.12808157920185,48.48921769142804,50.42774504716108,50.418022993854144,51.52146290637829,50.77002804379204,41.84326553344727
2018-09-10,49.35832927270121,49.81526200464664,48.920840881331,49.28055191040039,3512500,0.0,0.0,0.0031662953048130493,0.9977286086642986,50.17788944244385,51.89416620848772,48.46161267639998,50.369410518264246,50.418022993854144,51.395075713633204,50.77002804379204,42.87379455566406
2018-09-11,49.09583512127861,50.27218988460865,49.06667046539347,49.7472038269043,4194300,0.0,0.0,0.009469291605182395,1.0071763918025738,50.19684677124023,51.88476124499165,48.50893229748881,50.369410518264246,50.418022993854144,51.222511232737546,50.77002804379204,41.88214874267578
2018-09-12,49.78609418807852,50.904119677385765,49.6110988296021,50.76801300048828,4670300,0.0,0.0,0.0205199306705941,1.0278435815354217,50.256636428833005,51.93642033297229,48.57685252469372,50.369410518264246,50.418022993854144,50.94543518409758,50.77002804379204,41.2788314819336
2018-09-13,50.80690005277653,51.1568907840532,49.718042884405,50.8943977355957,3833700,0.0,0.0,0.0024894560105435115,1.0304023529173736,50.35968914031982,51.925377493801584,48.79400078683806,50.369410518264246,50.418022993854144,50.94543518409758,50.77002804379204,39.73160934448242
2018-09-14,50.787455682594185,51.32216205664063,49.99997659516883,51.06938934326172,2696200,0.0,0.0,0.0034383275065976715,1.0339452136702723,50.45933895111084,51.93585073303361,48.98282716918806,50.369410518264246,50.418022993854144,50.98189023122967,50.77002804379204,38.31087493896485
2018-09-17,51.030504794543056,51.17633178396693,49.65971032563782,49.73748397827149,3215000,0.0,0.0,-0.02608030724702537,1.0069796048211603,50.48801879882812,51.881863547797245,49.094174049859,50.369410518264246,50.26733036025131,51.13501405465604,50.77002804379204,39.605098724365234
2018-09-18,49.893038186543095,50.82634432967371,49.854149503422086,50.369415283203125,4580100,0.0,0.0,0.012705333168997912,1.019773616194799,50.52107334136963,51.86952185472172,49.17262482801754,50.369410518264246,50.26733036025131,51.13501405465604,50.77002804379204,37.795143127441406
2018-09-19,50.340253153115576,51.13745271271528,49.81527070045853,49.96109771728516,2587500,0.0,0.0,-0.008106458326390897,1.011506863872763,50.4301736831665,51.666424051979284,49.19392331435372,50.12150146898581,50.26733036025131,51.13501405465604,50.77002804379204,39.10882186889648
2018-09-20,50.04858933843533,50.28191772912937,48.95000814354444,49.30972290039063,4529800,0.0,0.0,-0.013037640217203883,0.9983192013043576,50.34219036102295,51.633789552745235,49.05059116930067,50.12150146898581,50.26733036025131,51.13501405465604,50.77002804379204,40.6657829284668
2018-09-21,49.28055265587122,49.30972102148964,48.191695527589815,48.73612594604492,7790100,0.0,0.0,-0.011632532502857895,0.9867062207469575,50.26538734436035,51.73675429956773,48.79402038915297,49.75692879211522,50.184693054539395,50.85307925640684,50.77002804379204,39.90676498413086
2018-09-24,48.51251948259448,48.60001715839299,47.6180983845843,47.637542724609375,3125200,0.0,0.0,-0.022541455647331787,0.9644644262350436,50.141432762145996,52.01080378988248,48.27206173440951,49.47013022061246,49.89789448303664,50.85307925640684,50.77002804379204,41.88215255737305
2018-09-25,47.87088426003064,47.92921358751687,47.35561837924768,47.51116943359375,3595900,0.0,0.0,-0.0026528087677860634,0.9619058865489095,49.96886863708496,52.12215557322334,47.81558170094658,49.338890217944154,49.76665448036833,50.85307925640684,50.77002804379204,41.823768615722656
2018-09-26,47.82226675002221,48.19170185780919,46.23759170161851,46.568138122558594,4420600,0.0,0.0,-0.019848623434816304,0.9428133788270671,49.7399169921875,52.285947128128164,47.19388685624684,48.779876879129574,49.20764114155375,50.85307925640684,50.77002804379204,42.85525131225586
2018-09-27,46.43202027111172,46.50007731649241,45.459825507650486,45.77093124389648,5048900,0.0,0.0,-0.017119148645454052,0.9266732164500037,49.467216110229494,52.453973133840165,46.48045908661882,48.31807864580871,48.638902831423984,50.85307925640684,50.77002804379204,42.11569595336914
2018-09-28,45.70287525871106,46.07231031581236,45.30427554479056,45.39177322387695,5220800,0.0,0.0,-0.0082838170366063,0.9189968250722084,49.21687622070313,52.65927681116945,45.77447563023681,48.22086412875292,48.56112784999402,50.731554521423845,50.77002804379204,43.195838928222656
2018-10-01,45.69316188010866,46.10148197208669,45.47927780795101,45.84871292114258,5014400,0.0,0.0,0.010066575170173397,0.9282479756929485,48.9976469039917,52.7044824097708,45.290811398212604,48.22086412875292,48.56112784999402,50.731554521423845,50.77002804379204,42.796871185302734
2018-10-02,45.868146956587225,46.66534632630465,45.4403826170357,45.46954727172852,8668400,0.0,0.0,-0.008269930064693454,0.9205714298512745,48.75702838897705,52.71806038890625,44.79599638904784,47.793096636959966,48.56112784999402,50.622183461411616,50.77002804379204,41.81403732299805
2018-10-03,45.15844466538919,46.412576721477805,44.10847260672101,44.95428466796875,11511500,0.0,0.0,-0.011332037257387517,0.9101394801101134,48.45175914764404,52.59479306554793,44.30872522974015,46.70909681410532,47.96322638095924,50.602738336029894,50.77002804379204,40.77281951904297
2018-10-04,44.6917918111756,44.7209564655877,43.30155308522901,43.44738006591797,7254800,0.0,0.0,-0.03352082261303324,0.879630856044224,48.07989444732666,52.604533810274546,43.55525508437877,45.950785121810995,47.559766620213246,50.50551765065453,50.77002804379204,40.77281951904297
2018-10-05,43.26267202768799,43.87515583863097,42.4460281826404,43.53488540649414,8970700,0.0,0.0,0.002014053331717891,0.8814024795005218,47.80038833618164,52.71081108214187,42.88996559022141,45.31886502022479,47.13200416891894,50.41802047257302,50.77002804379204,39.58564376831055
2018-10-08,43.3890535419665,44.35152428562545,43.29183183997199,44.17652893066406,4320500,0.0,0.0,0.014738606020867184,0.8943931233916954,47.54518718719483,52.650198426889965,42.44017594749969,45.31886502022479,47.13200416891894,50.54197755645174,50.77002804379204,40.15003967285156
2018-10-09,44.273748588532605,44.53624160885536,43.05850518442463,43.07794952392578,4575900,0.0,0.0,-0.024867943075892684,0.8721514061117208,47.2117244720459,52.56579069102839,41.85765825306341,44.555687254472524,47.13200416891894,50.75099678631976,50.77002804379204,40.49061965942383
2018-10-10,43.15572122462804,43.729316233811765,42.484908230956925,42.50435256958008,4432100,0.0,0.0,-0.013315326302314467,0.8605384255543209,46.79854145050049,52.2665326307007,41.33055027030027,44.555687254472524,47.13200416891894,50.64162566554481,50.77002804379204,38.466575622558594
2018-10-11,42.38769234407605,43.01962045569029,42.01826098551682,42.10575866699219,5462100,0.0,0.0,-0.00937771965671963,0.8524685374456376,46.359109497070314,51.85263210800075,40.86558688613988,44.34180365591074,46.91812057035715,50.5832972567013,50.77002804379204,39.9456787109375
2018-10-12,42.71824170822086,42.76685441914253,41.512722133398064,41.95021057128906,5791400,0.0,0.0,-0.0036942237980636117,0.8493193278875054,45.90315055847168,51.2680742264423,40.53822689050106,44.08903422985136,46.41744209501935,50.65620963483143,50.77002804379204,40.35438919067383
2018-10-15,41.77521219340346,42.23214123246488,41.57104846464316,41.84326553344727,3332300,0.0,0.0,-0.0025493325631834596,0.8471541304683807,45.50843963623048,50.84814057002508,40.168738702435874,43.96264942743794,46.41744209501935,50.42288402050761,51.288135518959535,41.00636291503906
2018-10-16,42.19326107750218,43.07795830774194,41.95993266454003,42.87379455566406,4752000,0.0,0.0,0.02462831256305842,0.8680181071826419,45.13365859985352,50.090505259090364,40.17681194061667,43.11683929949288,46.41744209501935,50.39371675605919,51.288135518959535,41.62914657592773
2018-10-17,42.02797572001453,42.1543620672775,41.30855373110189,41.88214874267578,5362500,0.0,0.0,-0.023129415608427295,0.8479413556259743,44.729711151123055,49.34882826189539,40.11059404035072,42.92239766997862,46.31535789387126,50.39371675605919,51.288135518959535,41.59022521972656
2018-10-18,41.44426013674937,42.17408392146879,41.19125619135996,41.2788314819336,3375400,0.04,0.0,-0.014405117188446281,0.8357266610292521,44.3281665802002,48.669916083349975,39.98641707705042,42.863748900107666,46.256709124000295,50.39371675605919,51.288135518959535,41.687538146972656
2018-10-19,41.35668188621496,41.3761442996105,39.45913926902052,39.73160934448242,4890500,0.0,0.0,-0.03748221744426916,0.8044017725965806,43.87794075012207,48.16448528515755,39.5913962150866,41.99769043893794,45.39065066283057,50.39371675605919,51.288135518959535,41.71672439575195
2018-10-22,39.99433437267607,40.10137576817318,38.23302901356015,38.31087493896485,5022600,0.0,0.0,-0.03575828990966534,0.7756377408082235,43.411607360839845,47.98364259962186,38.83957212205783,40.98117262368596,44.70468039876354,50.39371675605919,51.288135518959535,42.69956207275391
2018-10-23,37.92163923102374,40.25707275701404,37.89244375989719,39.605098724365234,9307100,0.0,0.0,0.0337821516074035,0.8018404525606307,43.016303825378415,47.466376959052994,38.566230691703836,40.485201033819564,44.51494823630624,50.31837043925778,51.288135518959535,41.88215255737305
2018-10-24,39.52725714304122,40.65605117209659,37.74648894841097,37.795143127441406,6499700,0.0,0.0,-0.04570006527493731,0.7651962915385246,42.57765407562256,47.26659148718551,37.888716664059615,40.412223628076454,44.44197083056312,50.31837043925778,51.288135518959535,41.58049392700195
2018-10-25,38.33034392098579,39.653758288471806,38.33034392098579,39.10882186889648,7605200,0.0,0.0,0.03475787185209156,0.7917928861815163,42.24454860687256,46.925212356513356,37.56388485723177,40.412223628076454,44.01420333877017,50.19441591461856,51.288135518959535,42.43681716918945
2018-10-26,38.43738670696243,41.57076473524236,38.281691111822326,40.6657829284668,11803900,0.0,0.0,0.039810993662495964,0.8233149477552981,42.008249092102055,46.50091915963482,37.51557902456929,40.412223628076454,43.5281049849503,50.19441591461856,51.288135518959535,40.023529052734375
2018-10-29,41.51237887858774,41.7945783142082,39.4980654252951,39.90676498413086,5597900,0.0,0.0,-0.018664781289741472,0.8079479543228706,41.71115169525147,45.92279539557366,37.49950799492929,39.96028643493988,43.17325305340198,49.970810923327306,51.20549821324762,41.3177490234375
2018-10-30,39.80945209769471,41.9502691427642,39.28397811432688,41.88215255737305,10655800,0.0,0.0,0.049500067821275584,0.8479414328579136,41.53178195953369,45.37335938519088,37.690204533876496,39.96028643493988,42.96909540311008,49.68401235182455,50.918699641744865,40.8701286315918
2018-10-31,42.35897199112146,42.5146675860025,41.23991106293773,41.823768615722656,7744400,0.0,0.0,-0.0013940052763623534,0.8467593980264634,41.37525615692139,44.88346502312968,37.867047290713096,40.13057826720674,42.96909540311008,49.55277234915624,50.78745963907656,40.01380157470703
2018-11-01,41.89188233295842,43.526687823109775,41.54156634048663,42.85525131225586,7611600,0.0,0.0,0.024662595712272584,0.8676426827255573,41.34564971923828,44.792201240434814,37.89909819804175,40.636588385760376,42.205917637357814,48.99375901034166,50.22844630026198,39.381290435791016
2018-11-02,43.32233955653293,43.3612643819424,41.51237600782508,42.11569595336914,3910800,0.0,0.0,-0.017257053365481445,0.8526697266475929,41.27469024658203,44.59270234128477,37.956678151879295,40.636588385760376,42.205917637357814,48.478490738616344,49.83956320327796,40.07219314575195
2018-11-05,42.06704489230156,43.22503069340329,41.90161994017672,43.195838928222656,3745100,0.0,0.0,0.025647040857391,0.8745381819647842,41.225655746459964,44.394749379146106,38.05656211377382,40.636588385760376,42.205917637357814,48.39099598937347,49.66943138548484,39.80945587158203
2018-11-06,43.29315349443563,43.3418076765665,42.611983808374966,42.796871185302734,2607500,0.0,0.0,-0.009236254065649097,0.8664607251260465,41.21160182952881,44.34972133373195,38.07348232532567,40.904189467466054,42.205917637357814,48.39099598937347,49.66943138548484,39.1282844543457
2018-11-07,43.254222436776296,43.283414199436976,41.15233014746809,41.81403732299805,4373500,0.0,0.0,-0.022965086817893665,0.8465623793492318,41.17708606719971,44.27199428506579,38.08217784933363,40.904189467466054,42.07953283494439,48.177112243477,49.45068926546039,38.943397521972656
2018-11-08,40.354386960627984,41.5610267520907,39.79972123660352,40.77281951904297,6354500,0.0,0.0,-0.024901154507326217,0.825481998740967,41.11043910980224,44.179504828920244,38.04137339068424,41.40533296871833,41.23372270699933,47.33616159753228,48.813897545662165,39.90676498413086
2018-11-09,40.60739088074908,41.41506423696999,40.44196595453055,40.77281951904297,4539000,0.0,0.0,0.0,0.825481998740967,41.05156955718994,44.09879941872228,38.004339695657606,41.40533296871833,41.14136527863317,46.75527587101212,48.06530882312485,39.92622375488281
2018-11-12,40.29600516489885,40.9090582049425,39.47860234886593,39.58564376831055,4007500,0.0,0.0,-0.02911684216927779,0.8014465696700462,40.93868846893311,44.02767652285688,37.84970041500934,41.50264508598785,41.14136527863317,46.225434594571865,47.46255201566753,39.7802619934082
2018-11-13,39.75106946419626,40.68524678013689,39.75106946419626,40.15003967285156,3961000,0.0,0.0,0.0142575906519129,0.8128732667897816,40.80250072479248,43.77495356602647,37.83004788355849,41.50264508598785,41.14136527863317,46.225434594571865,47.46255201566753,37.91191482543945
2018-11-14,40.5781986523167,41.16205613021897,39.984608112940045,40.49061965942383,4400700,0.0,0.0,0.008482681196515962,0.8197686115651297,40.73292427062988,43.665480698890875,37.800367842368885,41.41993336540416,40.737902591111364,45.843845711695735,47.46255201566753,37.03612518310547
2018-11-15,39.45913636010558,39.84837717517028,37.20154854171162,38.466575622558594,8985300,0.0,0.0,-0.04998797385394316,0.7787900396439287,40.592311477661134,43.674225047346575,37.510397907975694,40.27167810913906,40.36411818241069,45.843845711695735,47.46255201566753,38.398468017578125
2018-11-16,38.40818554898022,40.15976149392296,38.36926073169652,39.9456787109375,5252900,0.0,0.0,0.03845164443261462,0.8087357973359789,40.60301494598389,43.6742503074023,37.53177958456547,40.27167810913906,40.36411818241069,45.62996211313394,47.24866841710573,38.4373893737793
2018-11-19,39.88730243474,40.66578036129638,39.14774562045477,40.35438919067383,5034100,0.0,0.0,0.010231656913227472,0.8170105045477661,40.705190658569336,43.593180240916624,37.81720107622205,40.242481370574296,40.36411818241069,45.25323816243535,46.99589899104636,38.3692626953125
2018-11-20,39.78999000601642,41.21071267285674,39.7218734200772,41.00636291503906,6735700,0.0,0.0,0.01615620351195668,0.8302102925306463,40.77525386810303,43.620299182470006,37.93020855373605,39.38128764690116,40.36411818241069,45.190045761228646,46.99589899104636,38.096805572509766
2018-11-21,41.162059809440855,42.08650399214589,40.6755106303409,41.62914657592773,3967800,0.0,0.0,0.015187488394886595,0.8428191017137708,40.96695404052734,43.47642488408487,38.45748319696981,39.644026266928755,40.36411818241069,44.76714069725611,46.99589899104636,38.88501739501953
2018-11-23,41.356679981810125,42.00865409619765,41.239909218889714,41.59022521972656,1146800,0.0,0.0,-0.0009349544586549907,0.842031104236784,41.091024208068845,43.46076039998548,38.72128801615221,39.644026266928755,40.36411818241069,44.61887778192494,46.89381478989827,38.48603820800781
2018-11-26,41.969737591081966,42.213012205919085,41.29829727840284,41.687538146972656,2649300,0.0,0.0,0.0023398028438648133,0.8440012910090998,41.14211196899414,43.517081104599214,38.76714283338907,39.70728037381535,40.36411818241069,44.56022901205398,46.8351660200273,40.10137939453125
2018-11-27,41.395603876915445,42.13515697489918,41.385870814846605,41.71672439575195,2237000,0.0,0.0,0.0007001192700897274,0.8445921925769159,41.2326099395752,43.548978064408026,38.91624181474237,39.70728037381535,40.36411818241069,43.69417055088425,45.96910755885759,41.23990631103516
2018-11-28,41.85296372779308,42.874720095016414,40.41277843191606,42.69956207275391,4875100,0.0,0.0,0.023559799846174956,0.8644906155856701,41.27348041534424,43.66274872051213,38.88421211017635,40.038134318364015,40.36411818241069,42.842926511224746,45.356052431127395,41.73618316650391
2018-11-29,42.55358906140384,42.91363440019639,41.78484049818891,41.88215255737305,3156700,0.0,0.0,-0.019143276317169722,0.8479414328579135,41.27639961242676,43.668522029589866,38.88427719526365,40.64144756594646,40.36411818241069,42.5000746350629,45.03506717069308,45.04472351074219
2018-11-30,41.96000170670091,42.183813891854754,41.28856515123936,41.58049392700195,4133400,0.0,0.0,-0.007202557938202014,0.8418340855595523,41.21266174316406,43.49750450351572,38.927818982812404,41.030690010325586,40.36411818241069,42.427097229319784,44.96208976494998,43.9548454284668
2018-12-03,42.28112159072816,42.54385857539573,41.21071124074082,42.43681716918945,4365400,0.0,0.0,0.020594349929821565,0.8591711113004171,41.22871780395508,43.54336177334786,38.914073834562295,41.3177539101368,40.36411818241069,42.21321348342332,44.96208976494998,45.16149139404297
2018-12-04,41.54155983287393,41.930800588439176,39.88729590190903,40.023529052734375,6045100,0.0,0.0,-0.05686779257816743,0.8103119467538314,41.070102310180665,43.253478193556504,38.88672642680483,41.400465151052714,40.36411818241069,41.97016430651338,44.96208976494998,43.98405456542969
2018-12-06,39.4785940041313,41.3177490234375,39.28397362010378,41.3177490234375,5776700,0.0,0.0,0.03233647810011653,0.8365145812742996,40.9961462020874,43.03441463483075,38.95787776934405,41.09880401015009,40.36411818241069,41.56676974417093,44.96208976494998,44.645751953125
2018-12-07,41.46371918898269,42.670359003153166,40.860399281897465,40.8701286315918,3642600,0.0,0.0,-0.010833610310953534,0.8274521082813433,40.94895076751709,42.9523199470543,38.94558158797988,41.09880401015009,40.36411818241069,41.46469091902498,44.96208976494998,44.13974380493164
2018-12-10,40.92851636427879,41.69726121005497,39.789989408258215,40.01380157470703,2984400,0.0,0.0,-0.02095239446403019,0.8101150053085392,40.910999870300294,42.95506617520589,38.866933565394696,41.09880401015009,40.36411818241069,41.54983683515841,44.96208976494998,43.575340270996094
2018-12-11,40.56846786914009,40.76308827672904,39.361828023824565,39.381290435791016,2823200,0.0,0.0,-0.015807324323711125,0.7973092546801221,40.841423416137694,42.992678064746116,38.69016876752927,41.09880401015009,40.281406461827004,41.421253011559095,44.96208976494998,42.91363525390625
2018-12-12,39.828918541279,40.78255454536389,39.42994833842638,40.07219314575195,5072300,0.0,0.0,0.017543932723266487,0.811297194603868,40.86575088500977,42.96962651455461,38.76187525546492,41.09880401015009,40.27167810913906,41.421253011559095,44.78223455180422,42.33950805664063
2018-12-13,40.062459825294255,40.441971323976354,39.59537303315765,39.80945587158203,4434400,0.0,0.0,-0.006556598317798201,0.8059778447824938,40.84872169494629,42.981125197960445,38.71631819193214,40.97716631162847,40.27167810913906,41.421253011559095,44.78223455180422,42.485469818115234
2018-12-14,39.283980044615205,40.31546565019792,38.93366403848992,39.1282844543457,2370700,0.0,0.0,-0.017110794466361545,0.7921869235359795,40.780604934692384,43.03912552485051,38.52208434453426,40.802011520821544,40.242481370574296,41.555053552411934,44.78223455180422,43.70296096801758
2018-12-17,39.030976524450864,39.75106724520439,38.76823951701624,38.943397521972656,4409400,0.0,0.0,-0.004725147932022722,0.788443723132458,40.80444602966308,42.972025973655164,38.636866085671,40.7192992600847,40.05759147095401,41.49186115120522,44.78223455180422,43.401023864746094
2018-12-18,39.34236982496587,40.67551363478965,38.8655499609149,39.90676498413086,5134100,0.0,0.0,0.024737632652997332,0.8079479543228704,40.802500343322755,42.97326222474179,38.63173846190372,40.7192992600847,40.05759147095401,41.31952783785883,44.78223455180422,43.362064361572266
2018-12-19,40.00407340398155,41.74592032577214,39.82891540558498,39.92622375488281,5974000,0.0,0.0,0.0004876058172014197,0.8083419144453942,40.7810920715332,42.97768188017895,38.584502262887455,40.7192992600847,40.05759147095401,41.27334912367574,44.78223455180422,44.75487518310547
2018-12-20,39.6148333419404,40.40304434983269,39.32290457637588,39.7802619934082,5516400,0.0,0.0,-0.0036557867924276177,0.805386788750799,40.71978702545166,42.956318661221594,38.48325538968172,40.257079921394194,40.05759147095401,41.322005182310505,44.78223455180422,45.19316864013672
2018-12-21,39.43967909917794,40.09165699275177,37.81460646500204,37.91191482543945,7071000,0.0,0.0,-0.046966688361136155,0.7675604384333641,40.533925437927245,43.041768501384475,38.026082374470015,39.780263395387095,40.05759147095401,41.322005182310505,44.78223455180422,46.1866340637207
2018-12-24,37.70756171996535,37.87298666055339,36.50091811161316,37.03612518310547,2414600,0.0,0.0,-0.02310064385738486,0.7498292981060968,40.30622043609619,43.19199935604147,37.42044151615091,39.123419218692646,39.70727625590477,41.07891797825776,44.78223455180422,45.92366027832031
2018-12-26,37.289136260885336,38.398468017578125,36.286845938974544,38.398468017578125,3971600,0.0,0.0,0.03678416215889957,0.7774111405991253,40.14176692962646,43.06895722631408,37.214576632938844,39.01638313237334,39.60024016958547,40.317898145774876,44.50976434845455,45.46587753295898
2018-12-27,37.7367572910005,38.67093463873091,37.13343728198324,38.4373893737793,3391000,0.0,0.0,0.0010136174230532813,0.7781991380761123,39.97780017852783,42.90107522068035,37.05452513637531,39.01638313237334,39.60024016958547,40.317898145774876,44.50976434845455,45.689903259277344
2018-12-28,38.50549585070255,39.235319507784965,37.82432636167727,38.3692626953125,2590600,0.0,0.0,-0.001772406492134726,0.7768198528716126,39.76128520965576,42.478139215573435,37.044431203738085,39.01638313237334,39.60024016958547,40.303299776492494,44.26185529917612,44.88149642944336
2018-12-31,38.534696902707374,38.88501293652623,37.25020725342219,38.096805572509766,2794500,0.0,0.0,-0.007100921510175939,0.7713037160688249,39.5720178604126,42.196353751022905,36.9476819698023,39.01638313237334,39.60024016958547,39.872702914655925,44.26185529917612,44.98862838745117
2019-01-02,37.52268164428026,39.27425830213155,37.39617779265739,38.88501739501953,5027100,0.0,0.0,0.02068970903635381,0.7872617655329474,39.43724403381348,41.90574303614949,36.96874503147747,39.01638313237334,39.60024016958547,40.00407222466973,44.26185529917612,44.832786560058594
2019-01-03,38.64173379232043,39.21586195548738,38.15518462733405,38.48603820800781,2736100,0.0,0.0,-0.01026048626797893,0.7791840769983917,39.239705085754395,41.313215180463544,37.166194991045245,38.34494514440362,39.60024016958547,40.00407222466973,44.26185529917612,44.7938346862793
2019-01-04,39.00178100625645,40.20842079970809,38.885006539476976,40.10137939453125,4535100,0.0,0.0,0.041972134876364864,0.811888096171684,39.24359760284424,41.323329277973606,37.16386592771487,38.247633369341315,39.60024016958547,40.03569927811302,44.26185529917612,47.34568786621094
2019-01-07,40.52954500923768,41.98919243508669,40.06245456633968,41.23990631103516,6124800,0.0,0.0,0.02839121580588766,0.8349385863203256,39.23970546722412,41.30396264687741,37.17544828757083,39.13801918703062,39.60024016958547,40.03569927811302,44.26185529917612,46.91713333129883
2019-01-08,41.590220656885776,41.98919078916236,40.714430750876105,41.73618316650391,6697600,0.0,0.0,0.012033898712712432,0.8449861526994397,39.28300819396973,41.51375353450885,37.052262853430605,39.13801918703062,39.60024016958547,40.201126250387354,44.18894016283927,46.98531723022461
2019-01-09,42.71901904825978,45.910780448278246,41.51237546099087,45.04472351074219,13891700,0.0,0.0,0.0792727099897721,0.9119704949277556,39.53455429077148,42.89974797786141,36.169360603681554,41.52210886513075,41.0988131936264,40.50278287417858,44.16950062721345,47.62814331054688
2019-01-10,44.77224809314686,44.90848496398951,43.54614595216436,43.9548454284668,5567700,0.0,0.0,-0.024195466135239485,0.8899049437013935,39.76323204040527,43.6438106079071,35.88265347290344,41.58049385085022,41.0988131936264,40.69740409636814,44.16950062721345,48.09566116333008
2019-01-11,43.95484788370476,45.93996928196663,43.79915230612003,45.16149139404297,5395100,0.0,0.0,0.02745194423536068,0.914334564590656,40.017696952819826,44.56410094879153,35.471292956848124,41.59508826769441,41.11340761047059,40.84093604627375,43.74173313542049,47.67683792114258
2019-01-14,44.76253265174034,45.142040486812014,43.90620490076046,43.98405456542969,3667300,0.0,0.0,-0.026071699411782334,0.8904963086608455,40.226426887512204,45.09116575364915,35.36168802137526,41.66807353731201,41.11340761047059,40.8822916667317,43.255634781600634,47.9398307800293
2019-01-15,43.82834921598582,45.00579729208051,43.82834921598582,44.645751953125,2940900,0.0,0.0,0.015044028892583938,0.9038929608570786,40.50230026245117,45.70450667968119,35.300093845221156,42.04757695465034,41.11340761047059,40.73146109628039,42.9007828500523,48.94302749633789
2019-01-16,44.65548476657863,45.00580078282027,43.945123383455645,44.13974380493164,3418600,0.0,0.0,-0.011333847590351609,0.8936483758007329,40.762117576599124,46.14484802785562,35.379387125342625,42.41248791072181,41.11340761047059,40.73146109628039,42.696625199760405,48.348899841308594
2019-01-17,43.60453574392923,44.11054730055754,43.18610318194958,43.575340270996094,3512800,0.0,0.0,-0.012786742406794116,0.882221524217119,40.945546340942386,46.44917915876754,35.44191352311723,43.001211924153154,41.11340761047059,40.73146109628039,42.696625199760405,48.17358016967773
2019-01-18,43.87700424257889,44.003508065997146,42.86498107938402,42.91363525390625,3588100,0.0,0.0,-0.015185309236248834,0.8688247175570072,41.094916915893556,46.64224309528491,35.5475907365022,43.32720001642137,41.11340761047059,40.69010523598855,41.93344743400813,47.569705963134766
2019-01-22,42.52439912097147,43.06933182743965,42.04757929073615,42.33950805664063,3069900,0.0,0.0,-0.013378666101547698,0.8572010017600405,41.22287921905517,46.76096179564966,35.68479664246068,43.726172371478754,41.11340761047059,40.685241059644575,41.93344743400813,46.73207092285156
2019-01-23,42.485469818115234,43.215293511998624,42.05730792071741,42.485469818115234,2849900,0.0,0.0,0.0034474127871144677,0.8601561274546354,41.45155696868896,46.796153573844705,36.10696036353322,43.993774286351396,41.11340761047059,40.62442221038377,41.93344743400813,45.80678176879883
2019-01-24,42.62183071387357,43.80036226574384,42.35885649871169,43.70296096801758,3707000,0.04,0.0,0.02865664791079281,0.884805318747414,41.78489875793457,46.80469442540897,36.76510309046017,43.993774286351396,41.11340761047059,40.52224644569792,41.93344743400813,46.3619499206543
2019-01-25,44.14125510966253,45.22238530479369,42.865326045191445,43.401023864746094,4711000,0.0,0.0,-0.006908847743576141,0.8786923335174818,42.03502655029297,46.846965099166276,37.22308800141966,43.63498229776492,41.11340761047059,40.38844536551936,41.80706263159471,44.9301872253418
2019-01-28,43.17700747488644,44.1899549312735,42.97246661378375,43.362064361572266,3052000,0.0,0.0,-0.0008976632278362429,0.8779035637211015,42.281260299682614,46.825344141630104,37.737176457735124,43.63498229776492,41.11340761047059,40.38844536551936,40.96125250364966,44.7061767578125
2019-01-29,43.01143086924414,44.89123329203679,42.13483771828598,44.75487518310547,5034400,0.0,0.0,0.03212049154116192,0.906102257713561,42.60054092407226,46.887657955432466,38.31342389271206,43.63498229776492,41.11340761047059,40.38844536551936,40.86889507528349,46.31325912475586
2019-01-30,45.02758829394574,45.20290691203992,43.712702373718905,45.19316864013672,4562900,0.0,0.0,0.00979320029914188,0.9149758986148546,42.955359077453615,46.84485771544678,39.06586043946045,43.63498229776492,41.11340761047059,40.1573356961741,40.86889507528349,46.488582611083984
2019-01-31,45.29056446420314,46.7125898976007,44.745128371792845,46.1866340637207,5238100,0.0,0.0,0.02198264590594934,0.9350894898065828,43.32043991088867,46.9742741405504,39.66660568122695,44.38008459416842,41.49971791828762,39.91892743317055,40.86889507528349,47.248291015625
2019-02-01,46.08923690410888,47.20932762913306,45.79704045446588,45.92366027832031,3369900,0.0,0.0,-0.005693720504455491,0.9297653516049702,43.6923210144043,46.76412767109173,40.62051435771687,44.628453459934605,41.7480867840538,39.41534773729871,40.11511717271246,47.296993255615234
2019-02-04,45.582755354413365,46.00157157306042,44.90096125088475,45.46587753295898,2045500,0.0,0.0,-0.009968341865324803,0.9204971327256379,43.96054592132568,46.638950213731874,41.28214162891949,44.63331777492523,42.171382455558145,39.308311650979405,39.90676688104216,46.81973648071289
2019-02-05,45.43666731391245,45.80678110210117,45.09576834208014,45.689903259277344,3043200,0.0,0.0,0.004927337565539425,0.9250327328266883,44.18304576873779,46.6491678551526,41.716923682322985,44.67208267370952,42.22976744127762,39.308311650979405,39.90676688104216,46.771026611328125
2019-02-06,45.50484992727231,45.69964510873391,44.74513460074834,44.88149642944336,2157100,0.0,0.0,-0.017693336430294138,0.9086658174757513,44.340311431884764,46.54708372047104,42.133539143298485,44.67208267370952,42.22976744127762,39.308311650979405,39.90676688104216,46.488582611083984
2019-02-07,44.70617391266064,45.45614347023643,44.297095893048784,44.98862838745117,2626100,0.0,0.0,0.002386996123808549,0.9108347992599032,44.33750667572021,46.54079278551672,42.134220565923705,44.67208267370952,42.30275271089522,39.308311650979405,39.90676688104216,46.61520004272461
2019-02-08,44.6379914105693,44.93992612156529,44.277612209959614,44.832786560058594,2049800,0.0,0.0,-0.0034640270881440838,0.9076796428424426,44.3814037322998,46.58745642447835,42.17535104012126,44.67208267370952,42.682256128233554,39.308311650979405,39.90676688104216,45.37822723388672
2019-02-11,44.86201373919536,44.871752011549205,44.37501838094935,44.7938346862793,1855600,0.0,0.0,-0.0008688256244593351,0.906891027509941,44.36302089691162,46.548576782141716,42.17746501168153,45.46101500142598,43.047167084305016,38.97259265699454,39.90676688104216,45.01784896850586
2019-02-12,45.056807523601314,47.530744759077066,45.056807523601314,47.34568786621094,4939400,0.0,0.0,0.056968848454345355,0.9585555650207603,44.53110256195068,47.067263589613596,41.99494153428777,45.90417848451834,43.796599662708374,38.923936769463396,39.90676688104216,46.33273696899414
2019-02-13,47.43335096288654,47.69632891509615,46.57623804999743,46.91713333129883,4625200,0.0,0.0,-0.00905160647624581,0.949879097260577,44.64467163085938,47.38846318774876,41.900880073969994,45.98697056252789,44.205379832986125,39.36912967830804,39.90676688104216,46.59571838378906
2019-02-14,46.49832183640814,47.1119333574713,45.991846180981405,46.98531723022461,3371200,0.0,0.0,0.001453283567951713,0.9512595409441665,44.786950302124026,47.70288991335817,41.87101069088988,45.98697056252789,44.60435218804351,39.36912967830804,39.90676688104216,48.26123809814453
2019-02-15,47.35542340752151,47.93007802805009,47.18010479681928,47.62814331054688,3598100,0.0,0.0,0.013681424713436918,0.9642741267365327,44.98959045410156,48.099572680009175,41.879608228193945,46.10384511900485,44.98882865939312,41.31046102937857,41.0988131936264,48.41707611083984
2019-02-19,47.59892383230249,48.54369598762506,47.25802857805187,48.09566116333008,3157500,0.0,0.0,0.009815999958991961,0.9737394415250354,45.24869174957276,48.485946825881335,42.01143667326418,46.410654098792335,45.295637639180605,41.33965352223831,41.0988131936264,50.32609176635742
2019-02-20,48.09565415273351,48.46576788469088,47.38464150073657,47.67683792114258,3681200,0.0,0.0,-0.008708129424922606,0.9652599924420836,45.51555824279785,48.62565765899387,42.40545882660183,46.410654098792335,45.295637639180605,41.3542479390825,41.11340761047059,48.46576690673828
2019-02-21,46.93661767896378,48.04697036790351,46.91713741612482,47.9398307800293,3664600,0.0,0.0,0.005516155650290955,0.9705845168033929,45.788276290893556,48.73850654090114,42.83804604088597,46.410654098792335,45.295637639180605,41.3907405738913,41.11340761047059,47.81319808959961
2019-02-22,48.14435550408376,49.00146826972695,47.73527752131888,48.94302749633789,4557500,0.0,0.0,0.020926163067027437,0.9908951266723527,46.05027961730957,49.14209498278232,42.95846425183682,46.68824332533815,45.52452378023155,41.58049228256046,41.11340761047059,47.63788604736328
2019-02-25,49.16705221325695,49.186532473955694,48.22228000450663,48.348899841308594,3130100,0.0,0.0,-0.012139168445878257,0.9788664838174771,46.2976734161377,49.291174488118095,43.3041723441573,47.1216699987785,45.61705588234592,41.7629477605962,41.11340761047059,47.58917617797852
2019-02-26,47.9495627497019,48.63135699750822,47.56970696298288,48.17358016967773,2793500,0.0,0.0,-0.0036261356971162284,0.9753169811177959,46.53824920654297,49.31243177561717,43.76406663746877,47.589189327468546,45.61705588234592,42.05730976731187,41.11340761047059,48.51447677612305
2019-02-27,48.23201993674231,48.368378040341575,46.99505130119526,47.569705963134766,3481300,0.0,0.0,-0.012535381518583133,0.9630910106579316,46.67899074554443,49.360044787454115,43.99793670363475,47.589189327468546,45.61705588234592,42.22030381344598,41.11340761047059,49.3715934753418
2019-02-28,47.150887199426,47.44308365121574,46.55675230868183,46.73207092285156,4342700,0.0,0.0,-0.01760858141381716,0.946132344187846,46.75593585968018,49.347906517323295,44.16396520203706,47.87164239131876,45.62192019733655,42.41978999097467,41.11340761047059,50.33584213256836
2019-03-01,47.0827109327516,47.25802955727884,44.96914916616415,45.80678176879883,4968800,0.0,0.0,-0.019799874813599905,0.9273990422158288,46.73694324493408,49.35103464953636,44.122851840331805,47.07784082005992,45.66068509612084,42.55359094841099,41.11340761047059,49.96572494506836
2019-03-04,45.98209419057908,47.072966310591056,45.98209419057908,46.3619499206543,3204300,0.0,0.0,0.012119780749007436,0.9386389152743242,46.75885772705078,49.352355312885706,44.16536014121586,47.07784082005992,45.66068509612084,42.55359094841099,41.11340761047059,48.92355346679688
2019-03-05,46.36195087466592,46.64440903916768,44.920445238715246,44.9301872253418,3148900,0.0,0.0,-0.030882279493482878,0.9096516059493629,46.73207321166992,49.38940977242021,44.07473665091963,47.05348885633547,45.66068509612084,42.374194954117755,41.11340761047059,49.5176887512207
2019-03-06,44.813312618941865,45.37822903543405,44.67695450888646,44.7061767578125,3311100,0.0,0.0,-0.004985745249753815,0.9051163147760699,46.68288688659668,49.45089885546859,43.91487491772477,46.931743491421074,45.66068509612084,42.374194954117755,41.11340761047059,49.96572494506836
2019-03-07,44.84253473642384,46.48857775587886,44.62825558383355,46.31325912475586,5508700,0.0,0.0,0.035947658321341835,0.9376531268007121,46.7544750213623,49.40262231688435,44.10632772584026,46.90739402889462,46.449617423837296,42.374194954117755,41.11340761047059,49.644309997558594
2019-03-08,46.15742557498604,47.13141642051174,45.71912895140344,46.488582611083984,3724100,0.0,0.0,0.0037856002717462367,0.9412027067323326,46.82947273254395,49.35410411237791,44.304841352709985,46.629806290670885,46.732072341957654,42.374194954117755,41.11340761047059,49.80988311767578
2019-03-11,46.48857939758333,47.248291015625,46.48857939758333,47.248291015625,2577600,0.0,0.0,0.01634182764608272,0.9565836791457789,46.95024795532227,49.30485280904323,44.595643101601304,46.498316812087566,46.732072341957654,42.939901256228026,41.49971791828762,50.06312561035156
2019-03-12,47.326211789840016,47.43335136930413,46.82947813061903,47.296993255615234,2266800,0.0,0.0,0.0010307725198808182,0.9575696993152089,47.07540588378906,49.21197434881744,44.93883741876068,46.03566961752465,46.732072341957654,43.1882701219942,41.7480867840538,50.55985641479492
2019-03-13,47.413871450778416,47.63788888424116,46.71259690047419,46.81973648071289,2815600,0.0,0.0,-0.010090636677960174,0.9479072113855955,47.04910831451416,49.184658441654165,44.91355818737415,46.13307223403736,46.732072341957654,43.40235011524169,41.7480867840538,51.53384017944336
2019-03-14,46.80998712500518,47.01452424859109,46.19637203876836,46.771026611328125,2746200,0.0,0.0,-0.0010403704302102135,0.9469210367522869,47.041802978515626,49.18013693750275,44.9034690195285,46.13307223403736,46.732072341957654,43.45092505749357,41.7480867840538,50.73517990112305
2019-03-15,46.89766069825449,47.31647705906896,46.38144302359933,46.488582611083984,3670800,0.0,0.0,-0.0060388668093877,0.9412027067323325,47.01696624755859,49.16899161705012,44.86494087806707,46.13307223403736,46.732072341957654,43.45092505749357,41.7480867840538,51.13482284545898
2019-03-18,46.576239519209786,46.80999894481872,46.04054532506098,46.61520004272461,2415600,0.0,0.0,0.0027236242649057996,0.9437661892625837,46.96631908416748,49.10593391551851,44.82670425281645,46.13307223403736,46.732072341957654,43.48741769230237,41.7480867840538,51.30052947998047
2019-03-19,46.66389467119552,46.9658331282452,45.241869129244826,45.37822723388672,2700000,0.0,0.0,-0.026535825389661705,0.9187225744556453,46.830447387695315,49.01112449295647,44.64977028243416,46.13307223403736,46.780775427452525,43.677169400971536,41.7480867840538,50.25754928588867
2019-03-20,45.30030343284338,45.5145825644948,43.67374083306598,45.01784896850586,4922300,0.0,0.0,-0.007941655885396526,0.9114263959151729,46.69749794006348,48.9785785362562,44.416417343870755,45.65581485865357,46.430136653510836,44.2540910428655,41.7480867840538,50.71567916870117
2019-03-21,45.13472886245594,46.58597662984396,45.047069551466336,46.33273696899414,3970000,0.0,0.0,0.029208148114943544,0.9380474730829325,46.61714324951172,48.828943979929036,44.405342519094404,45.65581485865357,46.430136653510836,44.85038907361336,41.90879534902581,50.84239959716797
2019-03-22,46.19638231843628,47.14115455020161,45.86522530945008,46.59571838378906,4353800,0.0,0.0,0.005675930929159412,0.9433717657484237,46.49977779388428,48.43437374958289,44.565181838185666,45.65581485865357,46.430136653510836,45.096175197757006,41.99158742703535,50.71567916870117
2019-03-25,46.67363222811857,48.504735771410125,46.49831732160861,48.26123809814453,6248200,0.0,0.0,0.03574405057214247,0.9770916938516667,46.495394706726074,48.413359473343576,44.57742994010857,46.08923830223805,46.430136653510836,45.2956613752857,41.99158742703535,50.73517608642578
2019-03-26,48.2709797372231,48.52421568077989,47.462565684387926,48.41707611083984,6430400,0.0,0.0,0.0032290512808310634,0.9802467730371879,46.50756950378418,48.47104072495378,44.544098282614584,46.09897825692293,46.430136653510836,45.54633688919898,42.10846198351231,51.03734588623047
2019-03-27,49.67351985754132,51.89421720339569,49.12808379212128,50.32609176635742,11146900,0.0,0.0,0.03942856134367401,1.0188964930598232,46.645388793945315,49.19459680620631,44.09618078168432,47.78397901823084,47.78397901823084,45.85314586898647,42.415270963299804,50.9106330871582
2019-03-28,50.053372503397256,50.26765160792812,48.44629036585274,48.46576690673828,6158400,0.0,0.0,-0.036965414843970756,0.9812325615107998,46.732073593139646,49.40350896357866,44.06063822270063,47.78397901823084,47.78397901823084,45.85314586898647,42.415270963299804,50.54022979736328
2019-03-29,48.45603172873858,49.09886536787755,47.72553878810433,47.81319808959961,4429400,0.0,0.0,-0.013464530921266538,0.9680207253453841,46.832394409179685,49.50804139273087,44.1567474256285,47.78397901823084,47.78397901823084,45.85314586898647,42.415270963299804,50.44275665283203
2019-04-01,47.66710458005931,48.15409994088514,46.87817447342851,47.63788604736328,4868700,0.0,0.0,-0.003666603558034387,0.9644713771095816,46.89619121551514,49.58488312344757,44.20749930758271,47.78397901823084,47.78397901823084,46.10638355278485,42.64415710435075,49.83841323852539
2019-04-02,47.433337847404864,47.667093485525896,46.80024253949256,47.58917617797852,4264900,0.0,0.0,-0.001022502747840881,0.9634852024762732,47.029140663146975,49.57338672022979,44.48489460606416,48.47064337743102,47.78397901823084,46.36936294056221,42.736689206465115,50.47199630737305
2019-04-03,47.89111962418924,48.88459055684304,47.530744115391535,48.51447677612305,3871900,0.0,0.0,0.01944350947963458,0.9822187361441083,47.2195556640625,49.603165725076536,44.83594560304846,48.87972125642288,47.78397901823084,46.603122604907234,42.736689206465115,50.54997253417969
2019-04-04,48.4657817128043,49.546912120702615,48.44630516596877,49.3715934753418,4140200,0.0,0.0,0.017667235764986966,0.9995718261283537,47.3724723815918,49.893852798506366,44.85109196467723,49.19626726250215,47.78397901823084,46.603122604907234,42.736689206465115,50.16981887817383
2019-04-05,49.8878072803932,50.42350144847044,49.67352812697037,50.33584213256836,3567500,0.0,0.0,0.01953043419001954,1.0190938978967512,47.56483535766601,50.362209315416415,44.76746139991561,49.34722987144413,47.78397901823084,46.746781294327654,42.736689206465115,51.41748428344727
2019-04-08,50.19948436087676,50.56959817231025,49.76118777841092,49.96572494506836,2291200,0.0,0.0,-0.007352955107520209,1.0116005462151687,47.700707054138185,50.6833004921754,44.71811361610097,49.34722987144413,47.78397901823084,46.369262958090374,42.736689206465115,51.583194732666016
2019-04-09,49.68326504017404,49.86832565505907,48.835894153293374,48.92355346679688,3515800,0.0,0.0,-0.020857727560587347,0.9905008576220714,47.78203506469727,50.80503157320838,44.759038556186155,48.684920355901404,47.78397901823084,46.369262958090374,42.736689206465115,52.30450820922852
2019-04-10,49.15731322225994,49.86832600771432,49.05991192018963,49.5176887512207,2660600,0.0,0.0,0.012144156389356509,1.0025296549408256,47.91693267822266,50.99699515912308,44.836870197322234,48.684920355901404,47.78397901823084,46.35708697622815,42.736689206465115,51.78789520263672
2019-04-11,49.54690862354321,50.02416572789042,49.42029250064853,49.96572494506836,2747100,0.0,0.0,0.009048002948978784,1.011600546215169,48.076667594909665,51.233693386013904,44.919641803805426,48.684920355901404,47.78397901823084,46.29621429377096,42.736689206465115,50.50123977661133
2019-04-12,50.26766348661149,50.47220065355449,49.53717041997516,49.644309997558594,3742800,0.0,0.0,-0.0064327085789933625,1.0050932147030163,48.234453964233396,51.373417487078385,45.09549044138841,48.684920355901404,47.78397901823084,46.678505726365955,42.736689206465115,50.9691162109375
2019-04-15,49.80988311767578,50.01442027014433,49.352106306025554,49.80988311767578,2503100,0.0,0.0,0.0033351882647845166,1.0084453897977084,48.39418811798096,51.512137271012854,45.276238964949066,49.05017114385089,47.78397901823084,46.680939316314266,42.736689206465115,50.45249938964844
2019-04-16,50.06312561035156,50.19948371971491,49.69300808816545,50.06312561035156,2037600,0.0,0.0,0.005084181628724149,1.0135725093220895,48.628433036804196,51.4961448168788,45.760721256729596,49.50795166913951,47.78397901823084,46.615194577022606,42.736689206465115,49.789676666259766
2019-04-17,49.81962512746774,50.68647624444233,49.62482624696703,50.55985641479492,2772500,0.0,0.0,0.009922089329968742,1.023629266301984,48.905533409118654,51.36148755185221,46.4495792663851,49.76118519886785,47.78397901823084,46.38387097974115,42.736689206465115,50.59870910644531
2019-04-18,50.5111508385387,51.70915877679606,50.47219032457607,51.53384017944336,2888500,0.0,0.0,0.019263974103443715,1.0433484339795525,49.165588569641116,51.57735342254185,46.753823716740385,50.27252646504472,47.78397901823084,46.4325722879975,43.159984877969464,50.01386260986328
2019-04-22,51.30983461019487,51.42671246351186,50.481943933022905,50.73517990112305,2315400,0.0,0.0,-0.015497783117643493,1.0271788462336044,49.372561645507815,51.56486488817948,47.18025840283615,50.27252646504472,47.78397901823084,46.4325722879975,43.21836986368894,49.273067474365234
2019-04-23,51.05684563490208,51.836636332147854,50.82290656656068,51.13482284545898,2658200,0.04,0.0,0.007877038085107646,1.0352699731256034,49.51624088287353,51.77476141703492,47.25772034871215,50.44827412616874,47.78397901823084,46.4325722879975,43.21836986368894,49.03913116455078
2019-04-24,51.24204378442877,51.75865441429527,50.93987326824794,51.30052947998047,2572700,0.0,0.0,0.003240582939385339,1.0386248513381722,49.660413551330564,51.98770632353977,47.33312077912136,50.594371319086704,47.78397901823084,46.4325722879975,43.29135513330654,48.405548095703125
2019-04-25,50.26729504081201,50.793655046702135,49.20482927410841,50.25754928588867,3095300,0.0,0.0,-0.020330788096423302,1.0175087895739365,49.65698642730713,51.98050603331213,47.33346682130213,50.52073280312813,47.78397901823084,46.45692383074494,43.67085855064487,49.12685775756836
2019-04-26,50.32578572137373,50.803405845058464,50.07235144819269,50.71567916870117,2192200,0.0,0.0,0.009115643108788207,1.0267840365597476,49.76948204040527,52.068890784389794,47.47007329642075,50.52073280312813,48.47064337743102,46.0429757560822,44.035769506716335,50.101600646972656
2019-04-29,50.69618722099408,51.04709394914328,50.40376618698146,50.84239959716797,2704100,0.0,0.0,0.002498644019836016,1.0293496043523607,49.92094211578369,52.0781341918634,47.76375003970398,50.52073280312813,48.87972125642288,46.0429757560822,44.62449352014769,50.81315612792969
2019-04-30,50.66694295257711,50.930122981648985,50.43300762784763,50.71567916870117,3170600,0.0,0.0,-0.0024924163586066417,1.0267840365597476,50.07483177185058,51.980490585394335,48.16917295830683,50.52073280312813,49.19626726250215,46.0429757560822,44.9504816124159,51.34926223754883
2019-05-01,51.047092341997015,52.060822031771046,50.66694463791552,50.73517608642578,2933900,0.0,0.0,0.00038443570201929234,1.0271787690016647,50.232131767272946,51.771748649119424,48.69251488542647,50.63282565293973,49.4305322856318,46.259687477874444,45.34945396747328,52.0120849609375
2019-05-02,50.87163828616608,51.67092414490369,50.4817448312137,51.03734588623047,2173100,0.0,0.0,0.005955824402579246,1.0332964653798962,50.35827522277832,51.71497739836068,49.001573047195954,50.63282565293973,49.4305322856318,46.26455745521689,45.61705588234592,51.44673538208008
2019-05-03,51.3785075039871,51.48572942169827,50.50124436680866,50.9106330871582,2136600,0.0,0.0,-0.002482746641150335,1.0307310520511617,50.43522720336914,51.73197050579774,49.138483900940535,50.63282565293973,49.4305322856318,47.78397901823084,46.97089824706592,50.94962310791016
2019-05-06,50.462252589089005,50.725432638893245,50.01387341609002,50.54022979736328,3424100,0.0,0.0,-0.007275558509767466,1.0232319079741292,50.44544658660889,51.74211656018306,49.14877661303472,50.63282565293973,49.4305322856318,47.78397901823084,46.97089824706592,50.77416610717773
2019-05-07,50.3647757273118,50.63770524829746,50.023618473998695,50.44275665283203,2907800,0.0,0.0,-0.0019286248780834292,1.0212584774603615,50.46929817199707,51.747000617251686,49.19159572674245,50.63282565293973,49.4305322856318,47.78397901823084,46.97089824706592,51.73915100097656
2019-05-08,50.442750463818086,50.61820380637641,49.779927551561045,49.83841323852539,1978600,0.0,0.0,-0.011980776912451141,1.0090230074719593,50.51504116058349,51.62022898484728,49.409853336319706,50.92037479166605,49.4305322856318,47.78397901823084,46.97089824706592,52.19728088378906
2019-05-09,49.65321520271686,50.49149153823809,49.458270330736646,50.47199630737305,1266400,0.0,0.0,0.012712745604787745,1.0218504602753282,50.56275653839111,51.56848402005846,49.55702905672376,50.759546181253846,49.79578307358129,48.12731119783093,46.97089824706592,51.670928955078125
2019-05-10,50.45249638891111,50.78390784615479,49.84815916158489,50.54997253417969,1379200,0.0,0.0,0.0015449404127343414,1.0234291583471788,50.59196891784668,51.559439958849836,49.62449787684352,50.759546181253846,50.2535635988699,48.33185013732686,46.97089824706592,51.1640625
2019-05-13,50.07234274453422,50.29653227440386,49.47775134350267,50.16981887817383,2198800,0.0,0.0,-0.0075203533641649,1.0157326094332182,50.618244361877444,51.50574813478709,49.7307405889678,50.759546181253846,50.44835809253221,48.49012314036649,46.97089824706592,50.77416610717773
2019-05-14,50.13082905002965,51.94384425666384,49.87739481773973,51.41748428344727,2648300,0.0,0.0,0.024868844121265887,1.0409927053660994,50.69862442016601,51.569584473823504,49.82766436650852,50.701057293700245,50.44835809253221,48.56560444483748,46.97576256205655,51.39800262451172
2019-05-15,51.2810279718029,51.6416804210596,50.94961650757558,51.583194732666016,1946100,0.0,0.0,0.003222842414950522,1.0443476608106075,50.77462787628174,51.6756065055779,49.87364924698558,50.701057293700245,50.44835809253221,48.56560444483748,47.01452746084084,50.0528564453125
2019-05-16,51.9146110203815,53.12328933113911,51.80739282586698,52.30450820922852,2680500,0.0,0.0,0.013983497538311962,1.0589512937546945,50.86186046600342,51.97760959949356,49.74611133251328,51.29077983093788,51.09160062566437,48.23444968706612,47.01452746084084,50.11133575439453
2019-05-17,51.74890474188586,52.73338970666766,51.70016852511478,51.78789520263672,2021100,0.0,0.0,-0.009877026365017083,1.0484920039070105,50.874563217163086,52.026226897892464,49.72289953643371,51.29077983093788,51.16405930262376,48.23444968706612,47.01452746084084,47.00192642211914
2019-05-20,51.66117809717368,51.92435812990665,50.41351309903367,50.50123977661133,2513300,0.0,0.0,-0.024844713634159854,1.0224425203222345,50.8628662109375,52.02477288113983,49.70095954073516,51.29077983093788,51.16405930262376,48.23444968706612,47.01452746084084,46.34884643554688
2019-05-21,50.62795524286454,51.32002293543076,50.50124181772487,50.9691162109375,2382800,0.0,0.0,0.009264652440133858,1.0319150949130345,50.854580879211426,52.01090178207064,49.69825997635221,51.29077983093788,51.16405930262376,48.23444968706612,47.78397901823084,47.20662307739258
2019-05-22,50.01386972402329,51.22254425056342,49.955384033383616,50.45249938964844,1922400,0.0,0.0,-0.010135879522631397,1.021455727833411,50.81217937469482,51.96208640382379,49.66227234556585,51.30052033732089,51.16405930262376,48.41707508104086,47.78397901823084,47.23585891723633
2019-05-23,50.30628721654875,50.84239299568531,49.70194999561308,49.789676666259766,2636200,0.0,0.0,-0.013137559712743663,1.0080362922150756,50.788785743713376,52.00091949076113,49.576651996665625,51.30052033732089,51.16405930262376,48.64596534368518,47.78397901823084,46.86546325683594
2019-05-24,50.10159377622208,50.598709106445305,49.94563566102119,50.59870910644531,1342900,0.0,0.0,0.01624899967936111,1.0244158736040627,50.78293724060059,51.99757884053071,49.56829564067047,51.41261966337609,51.16405930262376,48.772582108549344,47.78397901823084,47.32358551025391
2019-05-28,50.71567220603647,50.83264357067736,49.994367382423135,50.01386260986328,2361000,0.0,0.0,-0.011558526035746919,1.0125751360575777,50.74151039123535,52.00138721555253,49.48163356691817,51.41261966337609,51.16405930262376,49.02825274163778,47.78397901823084,47.97666549682617
2019-05-29,50.04311236067753,50.53048197707746,48.96115121733609,49.273067474365234,2910400,0.0,0.0,-0.01481179610694483,0.9975770795993308,50.669379806518556,52.08433624517183,49.25442336786528,51.0422202742376,51.0422202742376,49.02825274163778,47.78397901823084,47.06040954589844
2019-05-30,49.21458452042885,49.76043610019617,48.434790175044085,49.03913116455078,2417800,0.0,0.0,-0.004747752104862557,0.9928408309199005,50.584577560424805,52.168719895175556,49.00043522567405,50.584089940855876,50.779039753091595,49.11612657219979,47.78397901823084,47.050662994384766
2019-05-31,48.66872812357866,48.90266344724475,47.8889375141335,48.405548095703125,2744500,0.0,0.0,-0.012919948902064937,0.9800133781165317,50.45298767089844,52.285490409915546,48.62048493188133,49.906647822020076,50.506113422636304,49.18917516865877,47.78397901823084,46.17339324951172
2019-06-03,48.288581440563306,49.68245881077683,48.23009574926004,49.12685775756836,3383000,0.0,0.0,0.01490138404050545,0.9946169338286792,50.36379890441894,52.27144864963643,48.45614915920145,49.60448022478213,50.506113422636304,49.15235591067949,47.78397901823084,47.236759185791016
2019-06-04,49.57524054161101,50.31604076082218,49.26332426843416,50.101600646972656,3782100,0.0,0.0,0.01984134410172267,1.0143514706621743,50.341867446899414,52.25100047376122,48.432734420037605,49.55574088234846,50.506113422636304,49.49568809027957,47.78397901823084,46.47581481933594
2019-06-05,50.50123987776989,50.94961902258273,49.86765790306936,50.81315612792969,2958000,0.0,0.0,0.01420225046243151,1.0287575443054542,50.3603874206543,52.28034909729856,48.440425744010035,49.41927826835811,50.506113422636304,49.700227029775505,47.78397901823084,46.63191604614258
2019-06-06,50.98860976847325,52.05107566349916,50.76442019481357,51.34926223754883,2884300,0.0,0.0,0.010550537507833857,1.0396114893631159,50.43592987060547,52.38677688228399,48.48508285892695,49.97000658881633,50.506113422636304,49.858500032815144,47.78397901823084,46.14413070678711
2019-06-07,51.5734515717551,52.37273742833859,51.54421058525461,52.0120849609375,1610300,0.0,0.0,0.012908125540779247,1.0530309249814516,50.51293430328369,52.582681842328455,48.44318676423893,50.13083747123605,50.506113422636304,50.031678969285764,47.86728143241851,46.60264205932617
2019-06-10,52.07056789449861,52.499455535537656,50.99835622857114,51.44673538208008,1772700,0.0,0.0,-0.010869581161416897,1.0415849198768838,50.55777244567871,52.66769038499733,48.44785450636009,50.194196524835576,50.506113422636304,50.031678969285764,47.86728143241851,45.68561553955078
2019-06-11,51.68067757502863,51.68067757502863,50.471999219991886,50.94962310791016,1454200,0.0,0.0,-0.009662659262594686,1.0315204397030566,50.59676265716553,52.70536898407161,48.48815633025944,50.194196524835576,50.506113422636304,50.031678969285764,47.86728143241851,45.61732482910156
2019-06-12,50.83265179896527,51.72941009636389,50.7156804153902,50.77416610717773,1746600,0.0,0.0,-0.0034437350078296847,1.0279681566535592,50.56459674835205,52.6411825193787,48.4880109773254,50.194196524835576,50.506113422636304,50.031678969285764,47.86728143241851,45.1392936706543
2019-06-13,51.79763296474236,52.28500249390754,51.39799009956028,51.73915100097656,1774700,0.0,0.0,0.01900543067042948,1.0475051341862476,50.57239456176758,52.66550674806001,48.47928237547515,50.36477564239885,50.506113422636304,50.031678969285764,47.86728143241851,44.87590026855469
2019-06-14,51.61243887949882,52.5091971151885,51.48572174851318,52.19728088378906,1900100,0.0,0.0,0.008854607660722102,1.0567803811720589,50.567033195495604,52.64265884465889,48.49140754633232,50.88626069181133,50.506113422636304,50.175453538648924,47.86728143241851,44.73932266235352
2019-06-17,52.24602529412989,52.304510991068085,50.9301287188712,51.670928955078125,2029900,0.0,0.0,-0.01008389555545619,1.0461239181832647,50.561184883117676,52.6234905177158,48.49887924851955,51.18842750912893,50.506113422636304,50.277664627417565,47.86728143241851,45.62708282470703
2019-06-18,51.553955950949344,52.16804269115492,50.54997575979443,51.1640625,2492000,0.0,0.0,-0.00980950924104318,1.0358619559405697,50.59432601928711,52.673129669927796,48.51552236864642,51.49059816759019,50.506113422636304,50.50655489006188,47.86728143241851,46.592891693115234
2019-06-19,50.920378477479055,51.10557759063702,49.09761345928549,50.77416610717773,3733000,0.0,0.0,-0.0076205127929838135,1.0279681566535595,50.58457851409912,52.658024587288594,48.51113244090965,50.803405287237,50.506113422636304,50.60395213689303,47.86728143241851,46.466068267822266
2019-06-20,51.38825686762066,51.63194169158573,50.69618914162503,51.39800262451172,2435400,0.0,0.0,0.012286494592883113,1.0405982818519395,50.63185367584229,52.73432704187557,48.52938030980901,50.803405287237,50.506113422636304,50.574707693116224,47.86728143241851,46.8075065612793
2019-06-21,51.30052515009551,51.329766136235705,49.98462499876205,50.0528564453125,3376400,0.0,0.0,-0.026171176125776463,1.013364600941412,50.64501266479492,52.72925599403079,48.56076933555905,50.803405287237,50.506113422636304,50.574707693116224,47.86728143241851,47.26602935791016
2019-06-24,50.24779863011727,50.81314907906515,49.66295667178141,50.11133575439453,3086000,0.0,0.0,0.0011683510839370914,1.0145485665713452,50.62064399719238,52.71798069431115,48.52330730007361,50.803405287237,50.311163610400584,51.191190228301124,48.39851508210255,46.40753173828125
2019-06-25,51.661178708198925,51.90486351342628,46.54379779842451,47.00192642211914,15278900,0.0,0.0,-0.06205001893214768,0.9515958088080099,50.47004718780518,53.09309168585956,47.847002689750795,49.5264974568065,49.5264974568065,51.227419566780824,48.39851508210255,47.3148078918457
2019-06-26,46.54379501172368,47.21636369528208,45.9004673131746,46.34884643554688,5951000,0.0,0.0,-0.01389474934935686,0.938373623562724,50.323836135864255,53.47633868990449,47.17133358182402,49.20483221418155,49.20483221418155,51.227419566780824,48.39851508210255,46.8075065612793
2019-06-27,46.92394779708837,47.29434976030301,45.88097707711723,47.20662307739258,4886400,0.0,0.0,0.018506968518375633,0.9557400746724735,50.23221073150635,53.62857576633652,46.83584569667618,49.09274403409266,49.19508709615286,51.227419566780824,48.39851508210255,46.36850357055664
2019-06-28,47.10914550332611,48.06438943627253,47.060405570538535,47.23585891723633,4156900,0.0,0.0,0.0006193164843801835,0.9563319802555009,50.17372627258301,53.732110914925585,46.61534163024044,49.02450988413608,49.19508709615286,51.23228981997232,48.39851508210255,47.01237869262695
2019-07-01,47.732980563526944,48.00590635394613,46.24162703563705,46.86546325683594,3760000,0.0,0.0,-0.007841408389532512,0.9488329906423472,50.06065654754639,53.88187361512392,46.23943947996885,48.89292029527175,49.19508709615286,51.23228981997232,48.39851508210255,48.64157104492188
2019-07-02,46.78747971551393,47.41131218345388,46.47556348154396,47.32358551025391,3381600,0.0,0.0,0.00977526352203828,0.9581080831642798,49.92175579071045,53.92651003222516,45.91700154919574,48.89292029527175,49.19508709615286,51.28833948299993,48.39851508210255,49.61713409423828
2019-07-03,47.30409305671382,48.0156522396091,47.118893943906016,47.97666549682617,1610100,0.0,0.0,0.013800306539130558,0.9713302684095656,49.779931259155276,53.849454468412816,45.71040804989774,48.89292029527175,49.19508709615286,51.28833948299993,48.39851508210255,48.78790664672852
2019-07-05,47.50879242441085,47.76222299197428,46.69975706648063,47.06040954589844,2754900,0.0,0.0,-0.01909794983539126,0.9527798516698825,49.56548862457275,53.73351732960356,45.397459919541944,48.89292029527175,49.19508709615286,51.0422202742376,48.39851508210255,48.05623245239258
2019-07-08,46.99217730208845,47.39182023694228,46.6315248287655,47.050662994384766,2670400,0.0,0.0,-0.00020710723956118837,0.9525825240648936,49.317417526245116,53.46374788766579,45.17108716482444,48.89292029527175,49.19508709615286,50.681564846973735,48.39851508210255,49.05131530761719
2019-07-09,46.85571140933769,46.91419709789472,46.04667983514042,46.17339324951172,4096200,0.0,0.0,-0.01864521537088104,0.9348214177451662,49.0537504196167,53.29554535814221,44.81195548109118,46.97268325669488,49.19508709615286,50.20638062232819,48.39851508210255,48.20257186889648
2019-07-10,47.109938673879945,47.58796246503486,46.38802040860343,47.236759185791016,3765800,0.04,0.0,0.023029841678151808,0.9563502069931828,48.86810722351074,53.08642977111947,44.64978467590201,46.97268325669488,49.19508709615286,50.05529682370921,48.39851508210255,47.32455825805664
2019-07-11,47.48064339078938,47.48064339078938,46.03681078082039,46.47581481933594,3382600,0.0,0.0,-0.01610915692717485,0.9409442114313935,48.65318965911865,52.89936920813316,44.407010110104146,47.05060010854646,49.19508709615286,50.03092715249238,49.08517944130273,48.04647445678711
2019-07-12,46.47582609695839,47.21725614669175,46.47582609695839,46.63191604614258,2844700,0.0,0.0,0.0033587625609889926,0.9441046196207286,48.39782791137695,52.48034174439286,44.31531407836104,47.02623151021474,49.19508709615286,49.96269584549721,49.494257320294594,48.80741500854492
2019-07-15,46.68068963052743,46.92458038872554,45.99779848475482,46.14413070678711,2198300,0.0,0.0,-0.010460332337037137,0.9342289715385637,48.095170402526854,51.89051981348903,44.29982099156468,47.00672536218196,49.19508709615286,50.23806000572632,49.81080332637386,49.70492935180664
2019-07-16,46.03681376819408,46.75873198076307,45.90023555212144,46.60264205932617,2547600,0.0,0.0,0.00993650428594206,0.9435119417183079,47.84175605773926,51.307328260203015,44.37618385527551,46.95794389586527,49.19508709615286,50.318475446936176,49.96176593531584,50.300025939941406
2019-07-17,46.77824502078355,46.91482324075298,45.67585782585161,45.68561553955078,2921900,0.0,0.0,-0.01967756503178497,0.9249459241268801,47.567833709716794,50.79506588450958,44.340601534924005,46.719040408912946,49.092527470520054,50.35015497373594,49.96176593531584,50.72927474975586
2019-07-18,45.74414906274598,45.98803981588196,45.26612527062692,45.61732482910156,3318200,0.0,0.0,-0.0014947967679257435,0.9235633179489892,47.309991645812985,50.28266559919266,44.33731769243331,46.42704386783089,48.887661192907714,50.35015497373594,49.96176593531584,49.95857620239258
2019-07-19,45.76365330135607,45.96852060740317,45.1295359580938,45.1392936706543,2581100,0.0,0.0,-0.010479158088251284,0.9138851519356919,46.99705619812012,49.44951079038559,44.54460160585465,46.35874921156433,48.81936653664115,50.35015497373594,49.96176593531584,49.7927360534668
2019-07-22,45.39294749381951,45.56854914041468,44.74907603012979,44.87590026855469,2215400,0.0,0.0,-0.005835124581730966,0.908552518220753,46.73820838928223,48.921159198222014,44.55525758034244,46.168519247582324,48.62913657265915,50.43544453251758,49.96176593531584,49.265926361083984
2019-07-23,44.86614690255087,45.11979166146783,44.40763107209118,44.73932266235352,5000300,0.0,0.0,-0.003043451059117075,0.9057873830969105,46.469607734680174,48.19612945687604,44.74308601248431,45.94413723144028,48.35607103157963,50.69618705722382,49.96176593531584,49.17813491821289
2019-07-24,44.71980891972646,45.69537193828814,44.44665246540202,45.62708282470703,3120300,0.0,0.0,0.019842950441011586,0.923760877249796,46.40086555480957,48.146717543666135,44.655013565953006,45.812443609391465,48.28783688162305,50.847270465882616,50.327016723265324,49.95857620239258
2019-07-25,46.01730931927635,46.64167282495683,45.910000505067295,46.592891693115234,3508000,0.0,0.0,0.021167447240024284,0.9433145368813797,46.41306781768799,48.160724959670546,44.66541067570543,45.66610573040836,48.15624729275873,50.99835579511325,50.506113422636304,49.75370788574219
2019-07-26,46.59288878255016,47.09042801302236,46.30997833152224,46.466068267822266,3002000,0.0,0.0,-0.0027219479342105446,0.9407468838264046,46.376040077209474,48.08542722663839,44.66665292778056,45.74902954255677,48.15624729275873,50.65475935493665,50.506113422636304,49.919559478759766
2019-07-29,46.48557274587228,46.92457306492938,46.027057001150254,46.8075065612793,3823300,0.0,0.0,0.0073481210307926315,0.947659605788102,46.35462245941162,48.03042477690974,44.678820141913505,45.74902954255677,48.15624729275873,50.65475935493665,50.506113422636304,50.719520568847656
2019-07-30,46.75873613777083,47.8806351063548,46.553868795448494,47.26602935791016,4149600,0.0,0.0,0.009795924421451163,0.9569428076636645,46.37465076446533,48.084001373662936,44.66530015526772,46.14413308922299,48.15624729275873,50.65475935493665,50.506113422636304,50.42685317993164
2019-07-31,47.24651651599555,47.451383853397175,45.93926194358717,46.40753173828125,2865800,0.0,0.0,-0.018163100038045443,0.9395617597173812,46.3288480758667,47.981587526649065,44.67610862508434,46.14413308922299,48.15624729275873,50.55728444881879,50.506113422636304,50.72927474975586
2019-08-01,46.622159019985695,48.12452700908761,46.36851054313592,47.3148078918457,4097100,0.0,0.0,0.019550191953347174,0.9579303724718806,46.29575519561767,47.83675014179594,44.75476024943941,46.26607904058939,46.26607904058939,49.5264974568065,49.833543564781806,51.15852355957031
2019-08-02,47.2269988976256,47.34406540127569,46.32948283384646,46.8075065612793,2461700,0.0,0.0,-0.010721830081737216,0.9476596057881018,46.28311004638672,47.80256741102925,44.76365268174418,46.26607904058939,46.26607904058939,49.20483221418155,49.51187832215686,51.99750518798828
2019-08-05,46.25143706425609,46.66117541852372,45.86121041461807,46.36850357055664,3265200,0.0,0.0,-0.009378901440689313,0.9387715997460927,46.249002075195314,47.72765122065525,44.77035292973538,46.28558973724481,46.26607904058939,49.14391556512276,49.50213320412817,52.68040466308594
2019-08-06,46.36850727432779,47.2172497468638,46.23192905248818,47.01237869262695,4024400,0.0,0.0,0.01388604489016032,0.9518074243217746,46.290951347351076,47.80619261209361,44.77571008260854,46.992868711852836,46.26607904058939,49.10979849014447,49.50213320412817,53.2462272644043
2019-08-07,46.41728862919966,48.74888356874663,46.251440986522105,48.64157104492188,6245600,0.0,0.0,0.03465453988080025,0.9847918726667753,46.36119194030762,48.15348553431677,44.56889834629847,47.305046991682346,46.5782573204189,49.044003695712306,49.50213320412817,52.3096809387207
2019-08-08,48.64157110763188,49.68542320558254,48.64157110763188,49.61713409423828,3170600,0.0,0.0,0.02005615830984242,1.0045430143672263,46.51825790405273,48.810275259908664,44.2262405481968,47.773316810100305,47.04652713883686,49.044003695712306,49.50213320412817,52.03652572631836
2019-08-09,49.422024119817024,49.558602351810805,48.53426189037974,48.78790664672852,2712400,0.0,0.0,-0.01671252204802476,0.9877545670914247,46.62605743408203,49.12511316592054,44.12700170224352,47.773316810100305,47.04652713883686,49.044003695712306,49.50213320412817,51.80239868164063
2019-08-12,48.58303737332866,48.86595154066221,47.70503289324609,48.05623245239258,3142600,0.0,0.0,-0.014997040140171891,0.9729411722001166,46.721662521362305,49.28582266656222,44.15750237616239,47.773316810100305,47.04652713883686,49.044003695712306,49.50213320412817,52.82673645019531
2019-08-13,47.93917388220488,49.16838556822346,47.93917388220488,49.05131530761719,3164900,0.0,0.0,0.020706634799355195,0.993087509734121,46.844096183776855,49.60249716288532,44.08569520466839,47.773316810100305,47.04652713883686,49.044003695712306,49.50213320412817,52.47553253173828
2019-08-14,48.59279859138971,48.83668936257851,47.5879660834869,48.20257186889648,4939400,0.0,0.0,-0.017303173898558177,0.9759039438567054,46.96994400024414,49.735176293913305,44.204711706574976,47.773316810100305,47.04652713883686,48.08388517642387,49.50213320412817,52.7779541015625
2019-08-15,48.21232041603966,48.36841406458626,47.266026861329074,47.32455825805664,3639300,0.0,0.0,-0.018215078092262305,0.9581277773088087,47.0553056716919,49.75207191033811,44.358539433045685,47.773316810100305,47.04652713883686,48.08388517642387,49.50213320412817,53.54864883422852
2019-08-16,47.66600550830171,48.18305267198934,46.80750908513127,48.04647445678711,4478500,0.0,0.0,0.015254578707188937,0.9727436128993099,47.20066471099854,49.7781599703979,44.623169451599175,47.958676129035354,47.04652713883686,48.12284360234966,49.50213320412817,53.85107803344727
2019-08-19,48.53425856328265,49.05130575509408,48.12452389538924,48.80741500854492,3975600,0.0,0.0,0.015837593920490445,0.9881495312291599,47.397240447998044,49.82961877993567,44.96486211606042,47.968432096052325,47.04652713883686,48.1106593031838,49.50213320412817,54.2022819519043
2019-08-20,48.88545638586592,49.90979666292256,48.75863216978019,49.70492935180664,2446700,0.0,0.0,0.01838889322666626,1.0063205074509132,47.645520782470705,49.951071702496805,45.339969862444605,48.358652874026916,47.15871386750687,48.10090622916741,49.50213320412817,54.212032318115234
2019-08-21,49.997600092334025,50.47562756481315,49.50981862801856,50.300025939941406,3354800,0.0,0.0,0.011972586942488705,1.0183687672183785,47.87916793823242,50.265751168321735,45.492584708143106,48.64156832497221,47.441629318452165,48.076515496009065,49.50213320412817,53.38280487060547
2019-08-22,50.28051667397029,50.87561068474035,49.78297747220495,50.72927474975586,1844900,0.0,0.0,0.008533769154055237,1.02705929119152,48.08598709106445,50.699546559352235,45.47242762277667,48.84155988493581,47.641620878415765,47.9057839397165,49.399573578495364,54.48519515991211
2019-08-23,51.00242822828766,51.43167829450956,49.81224399738918,49.95857620239258,3539900,0.0,0.0,-0.015192382527940418,1.0114558135608631,48.26061248779297,50.884694110921764,45.636530864664174,49.11959368982042,47.919654683300365,47.6573525303693,49.19470730088302,54.35837173461914
2019-08-26,50.036626801705005,50.309783248859,49.490310185919526,49.7927360534668,1702000,0.0,0.0,-0.0033195531484709884,1.008098232230418,48.409873962402344,51.02586449211941,45.79388343268528,49.11959368982042,47.919654683300365,47.589057874102735,49.12641264461645,56.40705108642578
2019-08-27,50.13417674508061,50.13417674508061,49.08057075015028,49.265926361083984,3033700,0.0,0.0,-0.010580051110610444,0.997432501408904,48.50986881256104,51.09571521281184,45.92402241231024,49.11959368982042,47.919654683300365,47.39882791012074,48.93618268063445,57.08018493652344
2019-08-28,49.09033409178908,49.41227169583567,48.339150070491534,49.17813491821289,2886500,0.0,0.0,-0.0017819911114153042,0.9956550855571566,48.64839897155762,51.05789087117338,46.23890707194186,49.11959368982042,47.93916537995579,47.150104131509956,48.76546020161514,58.03624725341797
2019-08-29,49.64639636594603,50.36831456365191,49.27568141461182,49.95857620239258,2906700,0.0,0.0,0.015869680407311515,1.0114558135608631,48.780587387084964,51.17275695664235,46.388417817527575,49.7781010949494,48.64644435456381,47.05014024550726,48.76546020161514,57.880157470703125
2019-08-30,49.9390634969573,50.17320023034014,49.08057082466685,49.75370788574219,2614400,0.0,0.0,-0.00410076371713286,1.0073080722591297,48.927897453308105,51.17268179081076,46.68311311580545,49.88541418250055,48.64644435456381,46.91117651158355,48.76546020161514,57.69478988647461
2019-09-03,49.47080136894526,50.14394225514472,49.28544572918997,49.919559478759766,2227600,0.0,0.0,0.0033334519187686595,1.010665885285393,49.10545024871826,51.051206286071505,47.15969421136502,49.88541418250055,48.64644435456381,46.95263841765775,48.76546020161514,57.57773208618164
2019-09-04,50.00735632414719,50.98291929647643,49.822000699136495,50.719520568847656,1329800,0.0,0.0,0.01602500299363152,1.0268618091226527,49.2908073425293,51.10409166925231,47.477523015806284,49.88541418250055,48.64644435456381,46.95263841765775,48.76546020161514,57.41188430786133
2019-09-05,51.21706059745289,51.21706059745289,49.958583358189394,50.42685317993164,2328500,0.0,0.0,-0.005770310634516829,1.020936497505293,49.38007144927978,51.23250232201264,47.52764057654692,49.88541418250055,48.64644435456381,47.150190190990855,48.76546020161514,57.08994674682617
2019-09-06,50.670739631466574,51.18779053932835,50.543919124055925,50.72927474975586,1612400,0.0,0.0,0.005997232640020611,1.0270592911915202,49.435678482055664,51.378791679513824,47.492565284597504,49.77810533397221,48.64644435456381,47.150190190990855,48.57051038937942,57.53870391845703
2019-09-09,50.865855397119255,51.95848494029276,50.74878887643435,51.15852355957031,2927600,0.0,0.0,0.008461560153026237,1.0357498151646618,49.554209327697755,51.61191991366747,47.49649874172804,50.148817505392145,48.90984767745542,46.26607904058939,48.45841409363984,58.27037811279297
2019-09-10,51.20730156963717,51.99750518798828,50.85609830749119,51.99750518798828,2347000,0.0,0.0,0.016399645064835378,1.052735744509331,49.751272964477536,51.94910040670256,47.55344552225251,50.16832762923991,48.929357801303176,46.26607904058939,48.45841409363984,59.67518615722656
2019-09-11,52.18286914538475,53.0218502417556,51.83166585219441,52.68040466308594,2769300,0.0,0.0,0.013133312312364698,1.066561651824362,49.93272743225098,52.44927023714073,47.416184627361226,51.051210533211226,49.626889647121885,46.275834388917104,48.45841409363984,59.59708786010742
2019-09-12,53.246227264404304,53.63645020907817,52.63162156773328,53.2462272644043,3173900,0.0,0.0,0.01074066543218577,1.0780172336894067,50.184910202026366,52.958080159872246,47.411740244180486,51.358510516872514,49.94394559780014,46.62947387622111,48.45841409363984,60.24138641357422
2019-09-13,53.50962284268996,53.65595876427426,52.03652452133888,52.3096809387207,5066300,0.0,0.0,-0.01758897059566289,1.059056020264426,50.43416633605957,53.0221801157954,47.84615255632374,51.47070224673212,50.231733924702766,46.94165215605062,48.45841409363984,59.56780624389648
2019-09-16,52.212127347695,52.74868620346711,51.93897092398785,52.03652572631836,4264400,0.0,0.0,-0.005221886417589472,1.0535257500167408,50.63366889953613,53.06334032263833,48.20399747643393,51.73897973170538,50.231733924702766,47.40992197446858,48.45841409363984,60.14376449584961
2019-09-17,52.036535461103234,52.368227061146506,51.69508986759304,51.80239868164063,2691800,0.0,0.0,-0.004499282790497938,1.0487856397403441,50.78341808319092,53.11031634343949,48.45651982294234,51.80727106123183,50.231733924702766,47.40992197446858,48.45841409363984,60.202335357666016
2019-09-18,51.21705605695713,52.895025560553066,51.14876694659938,52.82673645019531,3806700,0.0,0.0,0.019773944732750737,1.0695242690170723,50.93950843811035,53.37362613135582,48.50539074486488,52.09993894416509,50.231733924702766,47.40992197446858,48.45841409363984,60.49519348144531
2019-09-19,53.07062653300355,53.158427348296414,52.387731716445415,52.47553253173828,1541400,0.0,0.0,-0.006648222889713118,1.0624138332906894,51.0482837677002,53.55256797382705,48.543999561573344,52.2023738203543,50.231733924702766,47.40992197446858,48.45841409363984,60.33900833129883
2019-09-20,52.62186417843592,53.20720418126856,52.45602026326026,52.7779541015625,2569700,0.0,0.0,0.00576309672781905,1.0685366269769168,51.15071773529053,53.76095434308193,48.54048112749913,52.25602853588272,50.231733924702766,47.40992197446858,48.45841409363984,58.83565902709961
2019-09-23,52.69015241057697,53.86082867528776,52.51455450627375,53.54864883422852,2944400,0.0,0.0,0.014602588254613691,1.0841400273756343,51.33022136688233,54.079455868430905,48.58098686533375,52.50479781094357,50.33416888020952,47.40992197446858,48.45841409363984,58.05469512939453
2019-09-24,53.59742957088402,54.68030509006966,53.36329653626292,53.85107803344727,3056800,0.0,0.0,0.0056477465968372,1.09026297552574,51.53313846588135,54.39647484625464,48.66980208550806,52.914536018334516,51.40241449272945,47.50260163393611,48.45841409363984,58.75755310058594
2019-09-25,54.58275092879956,54.621774342193305,53.62669962951781,54.2022819519043,3877900,0.0,0.0,0.006521762075754278,1.0973734112521227,51.77995624542236,54.67020033150898,48.889712159335744,52.914536018334516,51.5097275802806,47.50747961744459,48.45841409363984,58.181602478027344
2019-09-26,54.55347785877646,54.59250126955983,53.7437625531467,54.212032318115234,2360400,0.0,0.0,0.0001798884818093871,1.097570816089051,52.03165111541748,54.84671215724795,49.216590073587014,52.914536018334516,51.5097275802806,47.75868337076689,48.45841409363984,59.43113708496094
2019-09-27,54.38763350045871,54.40714520569085,53.28524634444475,53.38280487060547,2347600,0.0,0.0,-0.015296003710834394,1.0807823688132492,52.20286254882812,54.905863580750896,49.49986151690535,52.914536018334516,51.5097275802806,48.041598821712185,48.45841409363984,57.89849853515625
2019-09-30,53.58767893518072,54.76810933915568,53.42183128058087,54.48519515991211,3617300,0.0,0.0,0.020650662549087206,1.1031012408006147,52.43943691253662,55.07008371613719,49.80879010893605,52.958438142877526,51.55362970482361,48.24159038167579,48.45841409363984,56.97111129760742
2019-10-01,54.62177419208682,54.81688381556433,53.92912163142256,54.35837173461914,4122100,0.0,0.0,-0.0023276676337626867,1.1005335877456397,52.66137752532959,55.14769617997898,50.1750588706802,53.60230776600487,51.57801694302793,48.51962418656039,48.45841409363984,57.810646057128906
2019-10-02,55.06077313486318,56.50460589562821,53.60718638176888,56.40705108642578,13245100,0.0,0.0,0.03768838702175281,1.1420109235310356,52.945754051208496,55.76161518858317,50.12989291383382,54.48031307944423,52.42187798305987,48.51962418656039,48.45841409363984,55.92657470703125
2019-10-03,56.55338378689456,57.80210313635147,56.250957941301685,57.08018493652344,7304300,0.0,0.0,0.011933505424105428,1.155639117081381,53.27842063903809,56.385642064890895,50.17119921318528,55.15832882131261,53.0706266034215,48.51962418656039,48.45841409363984,56.4244384765625
2019-10-04,57.10946161527188,58.2606263074571,56.89483655424416,58.03624725341797,4555200,0.0,0.0,0.016749460744700295,1.1749954491079755,53.64376926422119,57.16202888960975,50.12550963883263,55.77293632595092,53.670598566061976,48.52937953488811,48.35607103157963,57.56658935546875
2019-10-07,57.76308722538502,58.24111475673969,57.47041905504516,57.880157470703125,3473200,0.0,0.0,-0.00268952232616404,1.1718352726144585,53.979850959777835,57.76155430037269,50.19814761918298,55.77293632595092,53.670598566061976,49.2122727247566,48.28783688162305,57.12730026245117
2019-10-08,57.66552419005515,58.51426287951369,57.44114516739265,57.69478988647461,2878300,0.0,0.0,-0.0032026102265243495,1.1680823409865815,54.26471519470215,58.260833807931306,50.26859658147299,55.89975461197922,53.899854304351834,49.265929268532176,48.15624729275873,57.89849853515625
2019-10-09,57.85088855134214,58.270380963683024,57.499685255291375,57.57773208618164,2332800,0.0,0.0,-0.002028914578306007,1.165712401696292,54.509581565856934,58.68549399334668,50.333669138367185,55.89975461197922,54.16813178932509,49.265929268532176,48.15624729275873,58.31827163696289
2019-10-10,57.55822025472714,57.77284531773629,56.70948143874747,57.41188430786133,3472700,0.0,0.0,-0.0028804152631797253,1.1623546659019681,54.717864418029784,59.03564458411011,50.40008425194946,55.96804708004728,54.23642311885154,49.265929268532176,48.15624729275873,57.93755340576172
2019-10-11,57.80210728451377,57.97770892081783,57.04116934151448,57.08994674682617,3819300,0.0,0.0,-0.005607507311706117,1.1558367536141272,54.95687770843506,59.2437556062271,50.66999981064302,56.06072463064128,54.529091001784806,49.265929268532176,48.15624729275873,58.61112976074219
2019-10-14,57.11921154076317,57.78259466262893,57.04116843779642,57.53870391845703,2579900,0.0,0.0,0.007860528818163681,1.1649222417250038,55.231986618041994,59.43848923398628,51.025484002097706,56.06072463064128,54.63152587797401,49.21227484426801,48.15624729275873,58.22064971923828
2019-10-15,57.89966312715695,58.289889819560926,57.56797155505683,58.27037811279297,3327300,0.0,0.0,0.012716209168924797,1.1797356366163116,55.55538558959961,59.64930142276662,51.4614697564326,57.382610410407686,54.68518059350244,49.52933259142378,48.18305800619197,58.30850601196289
2019-10-16,58.35817761273314,59.69469786355325,58.15331027851904,59.67518615722656,3148900,0.0,0.0,0.02410844222967512,1.208177225057965,55.89780807495117,60.16539585962915,51.63022029027319,58.20208965115036,55.42173240507631,49.54884271527155,48.20256813003973,57.69349670410156
2019-10-17,59.89971159985619,60.28042950617447,59.274943371650565,59.59708786010742,3090900,0.04,0.0,-0.0013087231418662526,1.2065960555640558,56.25388584136963,60.50811282795756,51.9996588547817,58.49495547246097,55.714598226386926,50.33905009016655,48.71474065692339,57.38111114501953
2019-10-18,59.77281019689634,60.25115051278925,59.450665677142126,60.24138641357422,4064100,0.0,0.0,0.010810906649988627,1.2196404528850033,56.62705745697021,60.905759649540684,52.34835526439974,58.49495547246097,55.714598226386926,50.651228057336326,49.02204064058468,58.01564025878906
2019-10-21,60.40733999254852,60.93448588624245,59.41161417837374,59.56780624389648,4603200,0.0,0.0,-0.011181352385441823,1.2060032231977562,56.928015327453615,61.14387706618692,52.71215358872031,58.82198366249496,56.04162641642091,50.85121808571744,49.03179491818272,59.01137161254883
2019-10-22,59.94852348520109,60.58305583883063,59.41161349885208,60.14376449584961,3220500,0.0,0.0,0.009668951876369514,1.2176640103256018,57.24264965057373,61.43189644058351,53.053402860563956,58.82198366249496,56.04162641642091,50.985356828204075,49.03179491818272,58.32802963256836
2019-10-23,60.14376566007649,60.44638569472271,59.66542536092383,60.202335357666016,2719700,0.0,0.0,0.0009738476184084632,1.218849829522079,57.54265232086182,61.67641113922671,53.40889350249693,58.987827162019435,56.04162641642091,51.0195024929673,49.03179491818272,58.23041534423828
2019-10-24,60.163284902949854,60.61233659035186,59.76304253393288,60.49519348144531,2294700,0.0,0.0,0.0048645641741205115,1.2247790027364052,57.85681037902832,61.88279495315845,53.83082580489818,58.987827162019435,56.66110880134393,51.16583643443393,49.03179491818272,57.45920944213867
2019-10-25,60.61234352465554,61.13949316091155,60.19257663547903,60.33900833129883,1497200,0.0,0.0,-0.002581777843133737,1.2216168954444049,58.20462055206299,61.79877511624711,54.610465987878875,59.353732357984185,56.7977567120859,51.21705387252854,49.03179491818272,57.52754592895508
2019-10-28,60.26091218225942,60.51472663252301,58.68922732703117,58.83565902709961,4796100,0.0,0.0,-0.024915048254437577,1.1911802515459713,58.42214374542236,61.58600357054897,55.25828392029575,59.64640171971529,56.82702383359265,51.24388123029274,49.03179491818272,57.42992401123047
2019-10-29,58.77708203868869,59.75328338285789,58.04493103056179,58.05469512939453,4225200,0.0,0.0,-0.013273649188587644,1.1753689427665766,58.606959915161134,61.16824444325716,56.04567538706511,59.59221209573667,57.21236975267815,51.419483345576545,49.13422987368947,58.3768424987793
2019-10-30,58.03516624617813,58.777077572855376,56.6880074508851,58.75755310058594,4376200,0.0,0.0,0.012106823911913533,1.1895989275881835,58.72448501586914,61.0761640712895,56.37280596044879,58.913750305898326,57.21236975267815,52.15847525553198,49.54396808108042,57.35182571411133
2019-10-31,58.81613488334642,59.16756798635928,57.947316225294,58.181602478027344,2156700,0.0,0.0,-0.009802154653592132,1.1779382949242168,58.77955589294434,61.02255737839892,56.53655440748975,58.913750305898326,57.21236975267815,52.212131799307556,49.54396808108042,57.98636245727539
2019-11-01,58.572078885281314,59.61661399415584,58.47446024337084,59.43113708496094,3125800,0.0,0.0,0.021476455678674178,1.2032362345073697,58.849300384521484,61.08212715864096,56.61647361040201,58.913750305898326,57.21236975267815,52.212131799307556,49.54396808108042,57.7227897644043
2019-11-04,59.54827733716771,59.6166111280023,57.61539927374879,57.89849853515625,3574800,0.0,0.0,-0.025788477639485108,1.1722066037787582,58.85021743774414,61.08144851868732,56.61898635680097,58.913750305898326,57.28066222074621,52.212131799307556,49.54396808108042,58.29874420166016
2019-11-05,57.76183200663444,57.9375485472877,56.45372577452429,56.97111129760742,4625100,0.0,0.0,-0.01601746610036381,1.1534308242401092,58.81403350830078,61.14150235930986,56.4865646572917,58.796609467717914,57.37333977134021,52.256033923850566,49.58787020562343,56.678253173828125
2019-11-06,57.049206459770815,57.8106460571289,56.80515611839342,57.810646057128906,2834900,0.0,0.0,0.014736148556693918,1.1704279522159813,58.82567920684814,61.13025936580473,56.52109904789155,58.796609467717914,57.37333977134021,52.5901623545164,49.61225744382776,56.91253662109375
2019-11-07,57.7911190856256,57.86921325505709,55.72157332287199,55.92657470703125,5974400,0.0,0.0,-0.03259038738705333,1.1322832518446269,58.75141372680664,61.31734643705629,56.18548101655699,58.1181499776975,58.430533241891766,53.45109553125205,50.4561184838597,56.72706604003906
2019-11-08,55.90705294179046,56.56110607262208,55.78990982001263,56.4244384765625,2721000,0.0,0.0,0.008902096581800079,1.1423629467105023,58.71813831329346,61.38576142071665,56.05051520587027,57.73742835286494,58.430533241891766,54.114477712367055,51.10486710422133,55.84847640991211
2019-11-11,56.580623999848015,57.71301730976938,56.50252983567013,57.56658935546875,1937400,0.0,0.0,0.020242131064905022,1.1654868072015074,58.719532585144044,61.38468976013455,56.05437541015354,57.669093658513916,58.430533241891766,54.72176744600645,51.35363938642956,54.90156173706055
2019-11-12,57.898500179674585,58.65993599855155,56.18038381411576,57.12730026245117,3570100,0.0,0.0,-0.007630973068510349,1.1565930087640486,58.66237869262695,61.412225110225556,55.91253227502835,57.669093658513916,58.430533241891766,54.72176744600645,52.06091836103759,53.92536544799805
2019-11-13,57.010155530394336,58.10349990766,56.971106585942486,57.89849853515625,1820100,0.0,0.0,0.013499644988684611,1.1722066037787577,58.573544311523435,61.30123967971039,55.84584894333648,57.669093658513916,58.430533241891766,54.89980445816553,52.187736647065876,55.29204177856445
2019-11-14,57.66421478089394,58.44517513418226,57.57635650840446,58.31827163696289,2688200,0.0,0.0,0.007250155227285449,1.1807052836146028,58.50960350036621,61.19756606011795,55.82164094061447,57.66909222543714,58.430533241891766,55.03394320065215,52.187736647065876,54.31584167480469
2019-11-15,58.90399446039754,58.93327931165796,57.80088580132923,57.93755340576172,2901700,0.0,0.0,-0.006528283855378625,1.1729973043736213,58.39441184997558,60.96953692598046,55.81928677397071,57.32742631726498,58.430533241891766,55.10223509944941,52.187736647065876,55.4384765625
2019-11-18,58.12302908729946,59.13827938179936,58.03517081712326,58.61112976074219,2412300,0.0,0.0,0.01162590263801988,1.1866344568289287,58.34657802581787,60.86711911061406,55.82603694102168,57.42992635233567,58.430533241891766,55.29490781621304,52.187736647065876,54.68680191040039
2019-11-19,58.63065623535645,59.03089865228151,57.94731452443466,58.22064971923828,1668800,0.0,0.0,-0.006662216597733139,1.1787288410552008,58.2504222869873,60.630736869672425,55.87010770430218,57.42992635233567,58.430533241891766,55.34612525430765,52.187736647065876,54.66727828979492
2019-11-20,58.210887366823705,58.84541600805359,57.95707293120167,58.30850601196289,2085000,0.0,0.0,0.0015090228836036612,1.1805075698499168,58.15573081970215,60.36026849584809,55.95119314355621,57.464094600905995,58.430533241891766,56.03389550195506,52.187736647065876,54.41346740722656
2019-11-21,58.28898010700264,58.894227608525455,57.449446373333096,57.69349670410156,1596800,0.0,0.0,-0.010547505843060856,1.1680561593591472,58.01564598083496,59.94365832426002,56.0876336374099,57.65933159795756,58.430533241891766,56.811911028113336,52.777954139085665,54.46227645874024
2019-11-22,57.85945141989637,58.05469242441575,57.13706082034842,57.38111114501953,2326900,0.0,0.0,-0.005414571432274196,1.1617316358473893,57.867751121520996,59.486012335506565,56.24948990753543,57.65933159795756,58.430533241891766,57.10477684942395,53.25617927933132,54.48180389404297
2019-11-25,57.56658858005613,58.31826398519372,57.5373000104607,58.01564025878906,2759900,0.0,0.0,0.011058153129274162,1.174578242171712,57.82675018310547,59.384624767092646,56.26887559911829,58.05469298387092,58.430533241891766,57.10477684942395,53.26593524634829,55.1260871887207
2019-11-26,58.09373997174768,59.0406564610297,57.77159546672046,59.01137161254883,2753600,0.0,0.0,0.01716315375161126,1.1947377091354023,57.87458400726318,59.514996553044476,56.234171461481886,58.13767010107389,58.430533241891766,57.431805039457934,53.87099748568686,56.66849136352539
2019-11-27,58.9723223632352,59.245657544756725,58.23041098885711,58.32802963256836,2676700,0.0,0.0,-0.011579835569101693,1.1809028429154091,57.8531078338623,59.45717364222251,56.2490420255021,58.191359182552574,58.430533241891766,57.431805039457934,53.87099748568686,55.78014373779297
2019-11-29,58.35731884577221,58.601369197216776,58.05469879328516,58.23041534423828,1098700,0.0,0.0,-0.0016735399591755185,1.1789265548198862,57.85554847717285,59.46177663880475,56.249320315540956,58.191359182552574,58.430533241891766,57.51472678922018,53.87099748568686,56.21943664550781
2019-12-02,58.18159632287532,58.20112079585636,56.902774995872285,57.45920944213867,1806800,0.0,0.0,-0.01324403917678596,1.1633128053412982,57.756952095031735,59.1958710906034,56.318033099460074,58.07421627031451,58.430533241891766,57.82446798168168,53.87099748568686,56.31705856323242
2019-12-03,56.97111145663741,57.54707040285023,56.72706111881693,57.52754592895508,2533400,0.0,0.0,0.0011893043339765708,1.164696338302461,57.73840446472168,59.17912875166178,56.29768017778159,57.98635933178683,58.1181499776975,58.07574453503504,53.97350112302141,58.29874420166016
2019-12-04,57.39087506566504,57.94730950627898,56.89301031948685,57.42992401123047,3308700,0.0,0.0,-0.0016969595373522717,1.1627198957430596,57.761345100402835,59.16625147966812,56.35643872113755,57.98635933178683,57.73742835286494,58.236712776653974,53.97350112302141,59.10898971557617
2019-12-05,57.37135625663759,58.52327419714933,57.24444903297775,58.3768424987793,2573100,0.0,0.0,0.016488242041964973,1.1818911028110795,57.789654922485354,59.22025845951283,56.35905138545788,57.98635933178683,57.669093658513916,58.402290924207406,53.97350112302141,60.16328430175781
2019-12-06,58.79660317459307,58.83565211988208,57.24444297652276,57.35182571411133,2946100,0.0,0.0,-0.017558619836100298,1.1611387262491504,57.860917472839354,59.02840875798001,56.6934261876987,57.98635933178683,57.669093658513916,58.06306002928824,54.63200852815039,61.295677185058594
2019-12-09,57.6154048966046,58.28898249653004,57.44944872844423,57.98636245727539,2035500,0.0,0.0,0.011063932756510964,1.1739854870373518,57.939013671875,58.90044084411304,56.97758649963696,57.98635933178683,57.669093658513916,58.06306002928824,54.73932161570154,61.6861572265625
2019-12-10,57.81064803926904,58.05469838901413,57.234689064914114,57.7227897644043,1779200,0.0,0.0,-0.004545425539760228,1.1686492234212644,57.94682369232178,58.89840386048427,56.995243524159285,57.98635933178683,57.66909222543714,58.06306002928824,54.73932161570154,61.58853912353516
2019-12-11,57.65445147743171,58.33778942440694,57.55682911078344,58.29874420166016,1580500,0.0,0.0,0.00997793834301186,1.1803099333171705,58.00539588928223,58.88906909131712,57.121722687247335,57.7813566193495,57.48361543381436,58.09720626332226,54.73932161570154,63.39452362060547
2019-12-12,58.24017388428287,58.40613005446959,56.65872869945835,56.678253173828125,2732100,0.0,0.0,-0.027796328206086685,1.147501651025782,57.94438362121582,59.00251064610834,56.8862565963233,57.74719040967021,57.48361543381436,58.08497461952906,54.73932161570154,64.20475769042969
2019-12-13,56.45372452964996,57.28349416806084,56.35610216259939,56.91253662109375,3057700,0.0,0.0,0.004133568593708947,1.1522449278116913,57.87409687042236,59.008408925096255,56.73978481574847,57.595877141240734,57.48361543381436,58.08497461952906,54.73932161570154,65.79411315917969
2019-12-16,56.92230707201564,57.22492713386203,56.07300914150447,56.72706604003906,2994500,0.0,0.0,-0.0032588704012526115,1.1484899109214524,57.81357250213623,59.05335194207599,56.57379306219647,57.45433063069328,57.517783682384675,58.27434160979463,54.73932161570154,65.17794036865234
2019-12-17,56.37562601443543,56.707534610922814,55.5653771344556,55.84847640991211,3794600,0.0,0.0,-0.015488014654359672,1.1307020823507166,57.67543983459473,59.12873201652867,56.22214765266078,57.20051462716884,57.40551733960616,58.08398079737835,54.73932161570154,65.81366729736328
2019-12-18,56.0925247688154,56.1218133395352,54.81370347272589,54.90156173706055,4187000,0.0,0.0,-0.01695506724125251,1.111530952514636,57.50948543548584,59.379328677160984,55.6396421938107,56.82467779630399,57.02968050874131,58.04981345020284,55.1100319927892,66.29291534423828
2019-12-19,54.80394444877947,55.08704374050455,53.78869412778018,53.92536544799805,4809200,0.0,0.0,-0.01778084735982166,1.091766990312256,57.290328407287596,59.69247655805971,54.88818025651548,56.09741209112489,56.51717583626845,58.04981345020284,55.1100319927892,66.29291534423828
2019-12-20,53.90583770143026,55.3799000457006,53.827739808903694,55.29204177856445,5503300,0.0,0.0,0.02534384921107935,1.1194365682883638,57.17025566101074,59.717120893179725,54.62339042884176,56.09741209112489,56.51717583626845,58.04981345020284,55.21246944505076,65.78433227539062
2019-12-23,55.29204300964708,55.52633296853078,54.208458932146016,54.31584167480469,2442400,0.0,0.0,-0.017655345549894674,1.0996725288540445,57.0169921875,59.85070366881722,54.183280706182785,56.09741209112489,56.51717583626845,58.04981273366445,55.480746930024026,64.9040756225586
2019-12-24,54.42322624640647,55.4482369376549,54.42322624640647,55.4384765625,1153700,0.0,0.0,0.02066864570407767,1.1224012707434359,56.88813400268555,59.7630132407979,54.01325476457319,56.09741209112489,56.51717583626845,57.87897977957837,55.54903825955047,65.19749450683594
2019-12-26,55.35061914860618,55.55562054525165,54.540370213417766,54.68680191040039,2763200,0.0,0.0,-0.013558717676020349,1.107182948794219,56.671905517578125,59.52570100481889,53.81811003033736,55.53609414792051,56.51717583626845,57.93022979711372,55.84170614248374,64.18030548095703
2019-12-27,54.94061348959181,55.04799623920138,54.55013516472667,54.66727828979492,3243200,0.0,0.0,-0.00035700790544412886,1.1067876757287265,56.488867950439456,59.36404108482236,53.61369481605655,55.50681063082111,56.51717583626845,57.93022979711372,55.94414101867295,66.46897888183594
2019-12-30,54.42322778265698,54.65751775602772,53.89607813550742,54.41346740722656,5508100,0.0,0.0,-0.004642830053160685,1.1016490486453854,56.29802055358887,59.192322674914074,53.403718432263666,55.2481143693515,56.51717583626845,57.94731392139888,55.99779573420137,66.65481567382812
2019-12-31,54.14989231175631,54.69656270702178,54.12060373778653,54.46227645874024,2428200,0.0,0.0,0.0008970031471877693,1.1026372313091166,56.14817390441895,59.096890748920835,53.19945705991706,54.95525373365769,56.51717583626845,58.04493241992466,56.14413005375546,67.47636413574219
2020-01-02,54.73561463079259,54.83323328556253,53.99370317236733,54.48180389404297,3149200,0.0,0.0,0.0003585497443816532,1.1030325816065483,55.99588680267334,58.95863692354632,53.03313668180036,54.672157336515916,56.51717583626845,58.04493241992466,56.14413005375546,68.5424575805664
2020-01-03,54.31583834302484,55.39942235405795,54.17917076035623,55.1260871887207,2623600,0.0,0.0,0.011825660103522706,1.1160766699997384,55.88069496154785,58.78954390864637,52.97184601444933,54.69168017707767,56.51717583626845,58.242613112881344,56.14413005375546,69.65745544433594
2020-01-06,55.33109646843664,56.98087551823353,55.19442886624094,56.66849136352539,6703400,0.0,0.0,0.027979569264990012,1.1473040144930355,55.79527740478515,58.49668240295505,53.093872406615255,55.43847682687048,56.51717583626845,58.28410167148283,56.14413005375546,68.81631469726562
2020-01-07,56.70753575168535,56.94182571082411,55.44823513462872,55.78014373779297,5102700,0.0,0.0,-0.015676218024470057,1.129318626621493,55.71669330596924,58.32107225892417,53.112314353014305,55.43847682687048,56.31217312383113,58.31094621222217,56.14413005375546,68.22948455810547
2020-01-08,57.28349628016047,58.806371747086445,56.19991217137782,56.21943664550781,9236900,0.0,0.0,0.007875435204682146,1.138212502290891,55.62834701538086,58.02850800691293,53.22818602384879,56.351224941296934,56.31217312383113,58.31094621222217,56.14413005375546,68.80653381347656
2020-01-09,56.7368254716265,57.71302689134987,55.79967300243116,56.31705856323242,5389800,0.0,0.0,0.0017364442539715697,1.1401889448502927,55.55806045532226,57.782865225096444,53.33325568554808,56.351224941296934,56.31217312383113,58.25237475610314,56.76361243867848,68.58158111572266
2020-01-10,56.31705298369441,58.396362844395895,56.14133644764006,58.29874420166016,5209200,0.0,0.0,0.03518801743174693,1.1803099333171698,55.55806045532226,57.782865225096444,53.33325568554808,56.351224941296934,56.31217312383113,58.052254654742164,56.7977567120859,68.8945541381836
2020-01-13,58.21088628053512,59.15779903723492,58.21088628053512,59.10898971557617,4075900,0.0,0.0,0.01389816410304312,1.1967140744628637,55.67959728240967,58.36021994975057,52.99897461506876,56.57575110480113,56.47324658250756,57.861893842325884,56.82702383359265,69.47161865234375
2020-01-14,58.81612552910123,60.19256914771374,58.81612552910123,60.16328430175781,3145700,0.0,0.0,0.017836450787853897,1.2180592061591526,55.842134666442874,59.133981727713966,52.55028760517178,57.09313616004054,56.99063163774696,57.82772649515037,57.21236975267815,69.09996032714844
2020-01-15,60.28042699456903,61.578776440391465,60.16328388763938,61.295677185058594,3479900,0.0,0.0,0.01882199245674654,1.240985507349351,56.07056522369385,60.130153547746175,52.01097689964152,57.87897360037385,57.68373528408583,57.82772649515037,57.21236975267815,67.64263916015625
2020-01-16,61.451871005953706,61.82282853314869,60.690431479194295,61.6861572265625,2571900,0.0,0.0,0.006370433600480618,1.2488911231230788,56.36244926452637,61.10605425339749,51.61884427565525,58.50862869969481,57.805761330464435,57.82772649515037,57.21236975267815,64.99209594726562
2020-01-17,62.262116668526,62.515931087621006,61.481156386526685,61.58853912353516,3610400,0.0,0.0,-0.0015824960966331902,1.2469147577956168,56.696798133850095,61.9064456445617,51.48715062313849,58.982083111124865,58.152312607700594,57.827725778611985,57.21236975267815,63.39786148071289
2020-01-21,61.64712215688224,63.45309332344591,61.64712215688224,63.39452362060547,3668600,0.0,0.0,0.029323385856706796,1.2834785203688797,57.17025604248047,62.97982581472104,51.360686270239896,59.62638316293854,58.620893725613044,57.63248602658193,57.28066222074621,61.608009338378906
2020-01-22,63.69713627987827,64.70262245019217,63.39451625327022,64.20475769042969,3135000,0.0,0.0,0.012780821174289247,1.2998824298187557,57.61589183807373,64.11511988503779,51.116663791109666,60.251147726311665,59.24565828898618,57.61540292174229,57.37333977134021,59.01615524291992
2020-01-23,64.24878355486209,66.38095530933421,64.09229032495209,65.79411315917969,5182200,0.125,0.0,0.024754481224168012,1.33206034502133,58.18980541229248,65.41678434733062,50.96282647725434,61.261145878487135,60.0848247185572,57.53974628752755,57.37333977134021,61.24612808227539
2020-01-24,65.71587653969642,66.54722633512148,65.0996937506808,65.17794036865234,5237700,0.0,0.0,-0.009365165984327462,1.3195853787890648,58.676778602600095,66.39775389603481,50.95580330916538,62.3790563078283,60.167960231450834,57.486057156538976,58.430533241891766,62.83059310913086
2020-01-27,64.71823726120951,66.24401614406773,64.55196882934884,65.81366729736328,3870500,0.0,0.0,0.009753713067875536,1.332456235942337,59.23312187194824,67.32271721268161,51.143526531214874,62.681675932111354,60.167960231450834,57.3030159833875,58.35243514768358,65.17794036865234
2020-01-28,66.4494085489892,67.08514167277131,65.92125517596494,66.29291534423828,4640000,0.0,0.0,0.007281892448108618,1.3421590389442808,59.81440372467041,68.17726416600524,51.451543283335575,63.62421278020535,60.436917900275745,56.92717915252265,57.97659831681872,63.28049087524414
2020-01-29,66.45918377778109,66.79172810687342,65.35397850175296,66.29291534423828,2716900,0.0,0.0,0.0,1.3421590389442808,60.408376121520995,68.8403984325382,51.9763538105038,63.8877865759828,60.45644074083751,56.307293963696665,57.464093644345866,61.17766189575195
2020-01-30,66.26357969229016,66.64502257990513,65.34420070059909,65.78433227539062,2840300,0.0,0.0,-0.007671755966783822,1.3318623223288872,60.97447891235352,69.25082500519576,52.698132819511265,64.283149029649,60.49060990413937,56.307293963696665,57.464093644345866,54.13562774658203
2020-01-31,65.78433129704318,66.1657741789853,64.79648840334342,64.9040756225586,2857200,0.0,0.0,-0.013380946836201724,1.3140407434006642,61.495592498779295,69.36951581455392,53.62166918300468,64.36613191482678,60.49060990413937,56.307293963696665,57.464093644345866,58.04787826538086
2020-02-03,65.05078398895058,65.71586520295816,64.69868173082853,65.19749450683594,2105700,0.0,0.0,0.004520808307689084,1.319981269710072,61.99916286468506,69.45175330272605,54.546572426644076,65.23982896302077,60.49060990413937,56.307293963696665,57.464093644345866,52.23819732666016
2020-02-04,65.40288058752962,65.53002571229092,64.13139949189163,64.18030548095703,2571500,0.0,0.0,-0.015601658216670478,1.2993873730876486,62.37475357055664,69.45904028540232,55.29046685571096,65.5887159988617,60.49060990413937,56.02663499209448,57.464093644345866,45.40155029296875
2020-02-05,64.1216326062462,66.55700819144971,64.00427014277199,66.46897888183594,2988400,0.0,0.0,0.03566005776582015,1.3457236018721315,62.90919532775879,69.51437079059738,56.30401986492019,65.54470590777166,60.49060990413937,56.01199323354478,57.464093644345866,44.67778778076172
2020-02-06,66.62547505666447,67.18296916879915,66.25380734056907,66.65481567382812,2529100,0.0,0.0,0.002795842438358509,1.3494860330285463,63.4309642791748,69.45720213068344,57.40472642766616,65.59361965578557,60.58833617058324,55.882645102809974,57.464093644345866,35.91437530517578
2020-02-07,66.80150774164558,67.9262708858087,66.76238444224767,67.47636413574219,2164300,0.0,0.0,0.012325417955309836,1.3661190124104763,63.98892955780029,69.29299942315194,58.68485969244864,65.96527051429035,60.95998702908802,55.73621478496307,57.464093644345866,34.20276641845703
2020-02-10,67.59373803453352,68.6598200237,67.57417265267338,68.5424575805664,2318400,0.0,0.0,0.015799509331587025,1.3877030224951141,64.50111522674561,69.47284744993668,59.52938300355454,66.33204508323598,61.41949539202811,55.59466658639218,57.464093644345866,30.24162101745605
2020-02-11,69.0217147598146,69.66723813665384,68.84566360813189,69.65745544433594,2624000,0.0,0.0,0.016267258326110312,1.4102771460419663,65.02853851318359,69.83378134139319,60.223295684973984,66.83575413971292,62.43083350144739,55.60442800667306,57.464093644345866,30.91648292541504
2020-02-12,69.36402600891417,69.43248992287023,68.36640791098189,68.81631469726562,3048000,0.0,0.0,-0.012075387217416744,1.393247503419636,65.46119003295898,69.98317068085056,60.93920938506741,66.83575413971292,62.55773663564128,55.97782633156946,57.464093644345866,33.33229446411133
2020-02-13,68.75763798412436,68.91412374257027,68.12189733454565,68.22948455810547,2681100,0.0,0.0,-0.008527485694950654,1.3813666052646993,65.80788040161133,70.05092749486818,61.56483330835448,66.83575413971292,62.7334555695425,55.87532497535081,57.464093644345866,28.706064224243164
2020-02-14,68.3859676275545,68.9923676399559,67.70132847001034,68.80653381347656,1481700,0.0,0.0,0.008457476399073016,1.3930494807271931,66.16389923095703,70.14812516196136,62.1796732999527,66.83575413971292,62.7334555695425,56.33169903256403,57.464093644345866,34.818946838378906
2020-02-18,68.91411798840883,69.62810518859804,68.32728338472292,68.58158111572266,2340600,0.0,0.0,-0.003269350820137462,1.3884951132648857,66.5135513305664,70.02480368324804,63.00229897788476,66.83575413971292,62.90428729214695,56.33169903256403,57.464093644345866,39.81683349609375
2020-02-19,69.1292864670513,69.3933594042767,68.64025642907329,68.8945541381836,1416000,0.0,0.0,0.0045635142463811285,1.3948315304953005,66.7885528564453,70.13554535592507,63.441560356965546,67.96052273861144,63.93906220859448,56.33169903256403,57.1517103801516,41.48931503295898
2020-02-20,69.06083513651811,69.66723518036137,68.34684786776704,69.47161865234375,1364300,0.0,0.0,0.008376054121820964,1.4065147148855515,67.05189590454101,70.37268458231316,63.73110722676888,68.21481128945075,64.24168183287753,56.52449884365434,56.77098875531904,39.3766975402832
2020-02-21,69.37381601183624,69.8139401533691,68.97280771496641,69.09996032714844,1492600,0.0,0.0,-0.005349786465393858,1.3989901615004794,67.21718826293946,70.60029112716259,63.83408539871633,68.69405640302125,64.98861202050423,57.041883898893744,56.99063163774696,39.083282470703125
2020-02-24,68.27837224673914,68.84564888775755,67.55460987213313,67.64263916015625,2024300,0.0,0.0,-0.021090043468803943,1.3694853981820052,67.34042320251464,70.59307737713434,64.08776902789495,68.68427501275112,65.2521858162817,57.78135444222984,57.68373528408583,37.36189651489258
2020-02-25,67.81868926924679,67.838254651562,64.72802298206625,64.99209594726562,2968200,0.0,0.0,-0.03918450323345579,1.315822793168772,67.29934463500976,70.64846951876665,63.950219751252874,67.27098156771768,65.64754826994789,58.15719501507962,57.805761330464435,33.96802520751953
2020-02-26,64.03360209925556,65.42244578394397,63.24137572990643,63.39786148071289,3332900,0.0,0.0,-0.02452966692821068,1.2835460983157942,67.1545919418335,70.89688405638398,63.412299827283015,66.52765794163777,65.73053115512568,58.56719785941273,58.152312607700594,32.686771392822266
2020-02-27,62.52738451902996,64.03359801731209,61.31458831406172,61.608009338378906,3335700,0.0,0.0,-0.02823205862990341,1.2473089496139589,66.92034664154053,71.37601887429255,62.46467440878851,65.56426423371542,65.56426423371542,59.12363844427579,58.620893725613044,32.65742492675781
2020-02-28,60.24850950810686,60.42456065041981,57.72511601996075,59.01615524291992,4983300,0.0,0.0,-0.0420700834728055,1.1948345579873223,66.58193778991699,72.21762986466226,60.94624571517172,63.76952808666493,63.76952808666493,59.74840300764892,59.24565828898618,38.35952377319336
2020-03-02,59.43671822231543,61.3145919971277,58.51734298643903,61.24612808227539,4723400,0.0,0.0,0.037785803398688866,1.2399823416893905,66.39904041290283,72.46641675292636,60.3316640728793,63.76952808666493,63.76952808666493,60.672985298522164,60.0848247185572,38.39863967895508
2020-03-03,61.75472824539389,64.7280325250724,61.0603063109636,62.83059310913086,5896200,0.0,0.0,0.025870452165187796,1.2720612455457434,66.28069534301758,72.52882788299323,60.03256280304194,63.76952808666493,63.76952808666493,61.273508269639564,60.167960231450834,42.408687591552734
2020-03-04,63.83799501842048,65.64741261447338,62.95774668326936,65.17794036865234,5618700,0.0,0.0,0.0373599411268386,1.3195853787890655,66.33057708740235,72.5259776478827,60.135176526921995,63.76952808666493,63.76952808666493,61.4248180817811,60.167960231450834,43.81709671020508
2020-03-05,63.74996304651521,64.9529803552675,63.05554121180716,63.28049087524414,3075200,0.0,0.0,-0.02911183573270426,1.2811698260064799,66.17115268707275,72.50813237361363,59.83417300053186,63.28538245385915,63.76952808666493,62.03056534024054,60.436917900275745,40.44278335571289
2020-03-06,61.089636332638506,62.39045812853687,59.66166940302335,61.17766189575195,4216500,0.0,0.0,-0.03323028867835209,1.2385961828422904,65.89729499816895,72.5941839476666,59.2004060486713,62.781685335761374,63.76952808666493,62.172113658410154,60.436917900275745,42.07615280151367
2020-03-09,56.91331871856314,57.15783375577625,54.13562774658203,54.13562774658203,5493700,0.0,0.0,-0.11510793206137393,1.096023937576203,65.23025817871094,73.62759004167432,56.83292631574756,59.891520180527706,61.97478394997557,62.386879466894186,60.436917900275745,38.94635772705078
2020-03-10,56.50254490613823,58.22392942075084,53.87156399911543,58.04787826538086,4895900,0.0,0.0,0.07226757463888167,1.1752309292909924,64.70552921295166,73.51540288968636,55.895655536216964,59.75948830679441,61.84275207624226,62.42837090948308,60.436917900275745,40.002662658691406
2020-03-11,55.80811869899117,56.56122553234059,52.20885671334905,52.23819732666016,4744200,0.0,0.0,-0.1000842944191731,1.0576087709533142,63.834566307067874,73.8852150079654,53.78391760617035,58.928134663911216,61.011398433359076,62.865219433580066,60.436917900275745,41.98812484741211
2020-03-12,48.90300741474619,48.9225690654325,42.78035252806146,45.40155029296875,7555300,0.0,0.0,-0.13087448234363708,0.9191947705327089,62.66382808685303,75.27946337040095,50.048192803305106,54.21388257126742,56.29714634071528,63.03966295150053,60.436917900275745,39.2170295715332
2020-03-13,48.25748776692329,48.45310054238089,41.244794577940816,44.67778778076172,6877000,0.0,0.0,-0.015941361198829385,0.9045415546835719,61.48624324798584,76.0701863477338,46.90230014823789,53.446103596207095,55.52936736565496,63.01765790595552,60.436917900275745,39.38379287719727
2020-03-16,38.24215612606389,39.122411885898174,35.67963919221866,35.91437530517578,9013300,0.0,0.0,-0.196146964988259,0.727118474026628,59.8416353225708,77.8175966798961,41.865673965245506,50.66352590334602,52.74678967279388,63.0909779131844,60.48583164828966,40.27642440795898
2020-03-17,36.37405752731311,36.833747015644654,31.06319220359312,34.20276641845703,8052200,0.0,0.0,-0.047658044228102825,0.6924654296323963,58.12269458770752,78.82660163829895,37.41878753711609,48.00808627943031,50.43856617848111,63.46262877168918,60.85748250679444,40.46280288696289
2020-03-18,31.50331768698953,31.66958985868581,24.862289995929604,30.24162101745605,8609700,0.0,0.0,-0.11581359684587988,0.6122685175352409,56.190047931671145,79.58363513718948,32.79646072615282,43.62637406223324,47.33811507464935,63.87577023763205,61.224257075740084,42.06169128417969
2020-03-19,29.33202461101325,34.721136433411395,28.256158038567754,30.91648292541504,8410500,0.0,0.0,0.022315665802750573,0.6259316971541029,54.26229114532471,79.2765892183229,29.247993072326516,41.543109708340225,47.33811507464935,64.63329382058015,61.727966132217006,44.49436569213867
2020-03-20,31.552221411127903,34.32013365580192,29.6058836407562,33.33229446411133,8364300,0.0,0.0,0.07813992117164004,0.6748419506285553,52.47390785217285,78.10280887775028,26.845006826595423,41.543109708340225,47.33811507464935,64.6967453876771,61.727966132217006,48.57497787475586
2020-03-23,31.053408084285707,32.0510298310918,27.59107444495923,28.706064224243164,7287300,0.0,0.0,-0.13879123277424532,0.5811798043730417,50.5270791053772,77.15809685825499,23.89606135249941,40.7117577641351,47.33811507464935,64.7846048546277,61.727966132217006,52.22398376464844
2020-03-24,31.738058985915128,35.00478069203189,30.495921898304427,34.818946838378906,5752200,0.0,0.0,0.21294743042389008,0.7049405503285401,49.01842164993286,75.61900653282322,22.41783676704251,36.89242953068105,47.33811507464935,64.7846048546277,61.727966132217006,49.114479064941406
2020-03-25,35.71876222563368,41.019847204639255,34.721140282473144,39.81683349609375,6022700,0.0,0.0,0.14353928281960449,0.806127211353156,47.839370250701904,73.86402100884698,21.814719492556836,36.65769526915525,47.33811507464935,64.87002071592994,61.727966132217006,48.51611328125
2020-03-26,40.83401644024882,41.92944290246783,39.43538994992287,41.48931503295898,4935600,0.0,0.0,0.04200438332267953,0.8399880877456767,46.83343553543091,72.19114224727272,21.475728823589094,33.395866449198714,47.33811507464935,65.94979247360297,61.727966132217006,48.47688293457031
2020-03-27,39.4549441382823,41.293698150226426,38.35951788331699,39.3766975402832,4115400,0.0,0.0,-0.05091955581810681,0.7972162674251659,45.85146265029907,70.75824125826513,20.94468404233301,33.395866449198714,47.33811507464935,66.22824656116414,61.727966132217006,50.1346321105957
2020-03-30,39.66033810507902,39.80704861912505,37.23474939494064,39.083282470703125,3708900,0.0,0.0,-0.007451490041284092,0.7912758183476977,44.74332036972046,68.75843724897675,20.72820349046416,33.395866449198714,46.853969441843574,66.84133421176274,61.80131714057464,50.09539413452149
2020-03-31,39.48428513809643,39.55274904652216,36.83374316617712,37.36189651489258,4594000,0.0,0.0,-0.044044047659018926,0.7564248284929624,43.46988554000855,66.16434497328711,20.775426106729984,34.76025867371353,46.3502723237458,66.9682304145164,61.80131714057464,49.86978530883789
2020-04-01,35.53292353159164,36.25668588175998,33.65504628890571,33.96802520751953,4097300,0.0,0.0,-0.09083776852762915,0.6877128850137672,41.9093897819519,62.60156991800844,21.217209645895363,34.76025867371353,45.25485130520149,66.45926491883279,61.80131714057464,52.979286193847656
2020-04-02,33.390975958744264,34.750479093840774,31.698932193184994,32.686771392822266,4270100,0.0,0.0,-0.03771940838096277,0.6617727618550828,40.37970380783081,58.91499143039716,21.844416185264457,34.76025867371353,45.25485130520149,66.12909454838172,61.80131714057464,51.988563537597656
2020-04-03,32.68676553474494,33.12689330956709,31.698926512146823,32.65742492675781,3226600,0.0,0.0,-0.0008978086490027959,0.6611786165458149,38.9536919593811,55.07612992993401,22.831253988828195,36.21268240038613,45.25485130520149,65.56426423371542,61.80131714057464,49.90901947021485
2020-04-06,35.6600754237907,38.83877120101239,34.9069685919285,38.35952377319336,4670700,0.0,0.0,0.17460344345042156,0.7766226797305,38.16488676071167,52.686780440952724,23.64299308047061,36.81418470730733,45.25485130520149,63.76952808666493,61.80131714057464,47.98642349243164
2020-04-07,41.07852611984349,41.9979013136502,38.20303063461566,38.39863967895508,4413000,0.0,0.0,0.0010197182319831022,0.7774146160363928,37.18242483139038,48.45455900502433,25.910290657756427,36.848413912898515,45.25485130520149,63.76952808666493,61.80131714057464,47.81967544555664
2020-04-08,39.25933279701852,42.79013044311368,38.69205986498009,42.408687591552734,4175100,0.0,0.0,0.10443203056475525,0.8586016029797929,36.690949344635,45.95244206886653,27.42945662040347,37.244528477630254,45.25485130520149,63.76952808666493,61.80131714057464,49.67360305786133
2020-04-09,44.110514027328506,46.78062168686141,43.03464928754141,43.81709671020508,5443400,0.0,0.0,0.033210391517347615,0.8871160983721741,36.61172666549682,45.59373143193193,27.629721899061703,39.23977409950412,44.90763517559855,63.76952808666493,61.80131714057464,55.51985931396485
2020-04-13,43.181354601089055,43.181354601089055,39.943974349892656,40.44278335571289,3548900,0.0,0.0,-0.07700905828629001,0.8188001230459252,36.39997644424438,44.78495760397407,28.01499528451469,39.23977409950412,43.62637406223324,63.52745527026204,61.80131714057464,57.314937591552734
2020-04-14,42.68254911757997,43.05421306078362,41.28392264834365,42.07615280151367,2833500,0.0,0.0,0.040387167011591396,0.8518691403644926,36.70806531906128,45.448244825810065,27.96788581231249,39.23977409950412,41.543109708340225,63.27560671121315,61.8208399811364,56.45172882080078
2020-04-15,40.10046908706113,40.33520518189529,38.349740394892464,38.94635772705078,3124300,0.0,0.0,-0.07438405999776432,0.7885036551173762,36.94524488449096,45.65771702672389,28.232772742258035,39.23977409950412,41.543109708340225,60.93315206525163,61.85500914443826,57.87405776977539
2020-04-16,39.61143709620406,40.24717770249514,38.66271753232447,40.002662658691406,3686700,0.0,0.0,0.02712204666335083,0.8098894880456924,37.43329696655273,45.66420712942942,29.202386803676042,39.23977409950412,40.7117577641351,60.801120191518336,61.84275207624226,58.94325637817383
2020-04-17,42.5260572132988,43.2791640179416,40.75576690126803,41.98812484741211,3595500,0.0,0.0,0.049633250807851415,0.8500869361325066,37.986879062652584,45.86828806444977,30.1054700608554,40.843795139394956,36.89242953068105,59.96976654863515,61.011398433359076,60.59120178222656
2020-04-20,40.59031376035822,40.94344419416456,38.81485407567562,39.2170295715332,2923300,0.125,0.0,-0.06599711908901074,0.7939836473725573,38.28111581802368,45.876641880506,30.685589755541358,42.49182616073853,36.65769526915525,55.255514455991346,56.29714634071528,63.74975204467773
2020-04-21,38.25573758000176,39.68787455032557,37.7750869229457,39.38379287719727,2744100,0.0,0.0,0.004252318635196151,0.7973599188323207,38.815002250671384,44.99951356385688,32.63049093748589,42.277854304903556,35.821455841395505,54.48773548093103,55.52936736565496,59.041351318359375
2020-04-22,40.60012483942663,40.825735138182544,39.67806486948086,40.27642440795898,2541700,0.0,0.0,0.022664945794962366,0.8154320381717308,39.08787612915039,45.01664091018292,33.159111348117854,42.277854304903556,35.821455841395505,51.705157788069954,52.74678967279388,59.30619812011719
2020-04-23,40.6491756622676,42.0028413883996,39.61921415534295,40.46280288696289,2563800,0.0,0.0,0.00462748324220863,0.8192054362635305,39.12017459869385,45.071713721097005,33.168635476290696,40.52712547044365,35.821455841395505,49.22332622895571,50.43856617848111,58.992305755615234
2020-04-24,40.69821824881952,42.65023955751978,40.60993563362863,42.06169128417969,2903000,0.0,0.0,0.03951501831653781,0.8515763540824912,39.148793411254886,45.151467819165646,33.146119003344126,40.52712547044365,37.18584806591032,45.482244568441295,47.33811507464935,59.06097030639648
2020-04-27,42.620815636160735,44.77883232822562,42.15978375987491,44.49436569213867,3224200,0.0,0.0,0.057835867595603885,0.9008280113447533,39.404676818847655,45.849397056849526,32.959956580845784,41.27695962558566,37.18584806591032,44.44061239149479,47.33811507464935,62.25875473022461
2020-04-28,47.29978737407574,48.83001447813233,46.71123532167798,48.57497787475586,4669000,0.0,0.0,0.09171076200639394,0.9834436347018851,39.879261589050294,47.46910712002373,32.28941605807686,43.302550700539015,38.21054446154578,44.44061239149479,47.33811507464935,59.91436767578125
2020-04-29,50.51718781156972,52.29264760406955,50.23272119574017,52.22398376464844,4041000,0.0,0.0,0.07512110245939918,1.0573210047473693,40.622365951538086,49.83667816038316,31.40805374269301,45.033867263507624,41.39428475118699,44.024936419392226,47.33811507464935,62.494178771972656
2020-04-30,50.76241875578547,50.90955769821391,48.427836903439925,49.114479064941406,5163300,0.0,0.0,-0.059541698575127144,0.9943663161855509,41.37968864440918,50.77183304341639,31.987544245401963,45.033867263507624,41.995787058108185,42.115272302665204,47.33811507464935,61.46421432495117
2020-05-01,47.44691449721412,48.72210478063991,46.897603832174354,48.51611328125,3114600,0.0,0.0,-0.012183083177981335,0.9822518686460795,42.171155738830564,51.154343903345904,33.18796757431522,45.033867263507624,41.995787058108185,41.9979051719023,47.33811507464935,61.02280044555664
2020-05-04,47.69215062377272,48.84963218541124,47.083983550641925,48.47688293457031,2815400,0.0,0.0,-0.0008086044826440819,0.9814576153820067,42.96212863922119,51.20268879521876,34.72156848322362,45.95593087970625,41.995787058108185,40.36699076192403,47.33811507464935,61.28765106201172
2020-05-05,49.389133635773455,50.97822071752151,49.3302810532708,50.1346321105957,3169200,0.0,0.0,0.034196694912560055,1.0150202220248339,43.550884056091306,52.0728288603365,35.02893925184611,45.95593087970625,41.995787058108185,40.36699076192403,47.33811507464935,56.128028869628906
2020-05-06,50.09539413452149,50.74279872983,48.86924878417212,50.09539413452149,3075900,0.0,0.0,-0.0007826521193504687,1.0142258142968825,44.13572177886963,52.768976010332864,35.5024675474064,46.45129161884909,41.995787058108185,40.12491794552115,47.33811507464935,58.11929321289063
2020-05-07,50.87032039323838,51.59619636657484,49.32047082860857,49.86978530883789,2869200,0.0,0.0,-0.004503584203325639,1.00965816294101,44.50877666473389,53.45389435485156,35.56365897461621,47.226215681972235,41.995787058108185,40.55526549872967,47.33811507464935,62.288185119628906
2020-05-08,51.09592874809002,53.391272973793775,50.21310260670449,52.979286193847656,2615500,0.0,0.0,0.06235240167474121,1.072612774270889,44.96688613891602,54.6403938691808,35.293378408651236,50.051254147735875,42.5450997429703,40.00755498945751,47.33811507464935,62.71978759765625
2020-05-11,51.67467062313764,52.78310708214258,51.11554863538706,51.988563537597656,2850900,0.0,0.0,-0.018700188836539122,1.0525547128435393,45.544175148010254,55.44667655705494,35.641673738965565,50.144438402984065,42.5450997429703,40.00755498945751,47.33811507464935,62.24894714355469
2020-05-12,51.45886518770442,52.10626975813145,49.899208212325874,49.90901947021485,2943100,0.0,0.0,-0.04000002935028002,1.0104524934370223,45.93581848144532,55.878634847374016,35.99300211551662,50.144438402984065,44.14912078286114,40.733766852793806,47.33811507464935,60.71871948242188
2020-05-13,49.45779793913676,49.79130963006588,47.221309977552565,47.98642349243164,3839600,0.0,0.0,-0.03852201462163751,0.9715278277103712,46.387821769714364,55.82212895429678,36.95351458513195,50.144438402984065,45.58317994836973,41.03451800625441,47.33811507464935,59.03154373168945
2020-05-14,46.456202221300025,47.9471956278099,45.22024543739748,47.81967544555664,3584300,0.0,0.0,-0.0034749004976647457,0.9681518651783653,46.77867240905762,55.754173441285374,37.803171376829866,49.30575920559563,45.58317994836973,41.05163260905,47.33811507464935,60.01245880126953
2020-05-15,47.26054974985169,50.13463493691561,46.75047280198074,49.67360305786133,2599700,0.0,0.0,0.038769138331258945,1.0056862787651317,47.16294631958009,55.9388704566948,38.38702218246537,49.30575920559563,45.58317994836973,41.24968989141587,47.33811507464935,60.02226638793945
2020-05-18,52.39073776376547,56.1770751598084,52.28283637550022,55.51985931396485,3710600,0.0,0.0,0.11769342057377297,1.124048936937109,47.978087806701666,56.677781849631536,39.278393763771795,50.698660298602945,46.97608104137705,42.07370463755133,47.33811507464935,57.91329574584961
2020-05-19,54.7253192538983,58.95306595594074,54.70570047959502,57.314937591552734,5052200,0.0,0.0,0.032332183470363596,1.1603918933958266,48.87464504241943,57.54219040133612,40.20709968350274,52.08665569666911,48.36407643944322,41.43307408086868,47.33811507464935,58.61956024169922
2020-05-20,58.39394252549977,58.82554806558743,55.1569196843348,56.45172882080078,3851800,0.0,0.0,-0.015060799278950543,1.1429154640044707,49.68341026306153,57.99855856008039,41.368261966042674,52.08665569666911,48.36407643944322,40.39144190392217,47.33811507464935,57.87405776977539
2020-05-21,56.226118198334994,58.70783507139412,56.01031542958256,57.87405776977539,2469600,0.0,0.0,0.02519548964549201,1.171711778743468,50.55397300720215,58.456576611798,42.651369402606306,52.08665569666911,48.36407643944322,40.39144190392217,47.33811507464935,59.7868537902832
2020-05-22,58.30565933226278,59.30619433534397,57.39340693950928,58.94325637817383,2287700,0.0,0.0,0.018474574785333653,1.1933586556267206,51.398051261901855,59.09340772229486,43.70269480150885,52.26321988637072,48.54064062914483,39.97576593181961,47.33811507464935,60.44406509399414
2020-05-26,61.51326177969871,62.28818657371083,59.41410144505227,60.59120178222656,4557900,0.0,0.0,0.027958166978079513,1.2267227761854689,52.20289306640625,60.20604129712716,44.19974483568534,53.754216005554156,50.03163674832827,38.868112335038006,47.33811507464935,58.63917922973633
2020-05-27,62.42551645743684,63.97536610000815,60.84624052151764,63.74975204467773,3448100,0.0,0.0,0.05212885979392601,1.2906704357912568,52.961631774902344,62.23628415516407,43.686979394640616,54.59780576870281,50.875226511476924,39.57476071494689,47.33811507464935,59.021732330322266
2020-05-28,64.43639476220092,64.6423862891285,58.59994197262852,59.041351318359375,5152600,0.0,0.0,-0.07385755356379375,1.195344674946599,53.30250015258789,62.941630559019366,43.66336974615641,55.69642954555462,52.13080022223572,39.04965507314953,47.33811507464935,60.757957458496094
2020-05-29,58.61955596729285,60.85604765768925,58.158527854514006,59.30619812011719,4281200,0.0,0.0,0.004485784892180433,1.2007067340304227,53.81208610534668,63.58982828424514,44.03434392644822,58.46261133231435,52.13080022223572,39.04965507314953,47.33811507464935,60.98356246948242
2020-06-01,59.73780423999243,61.14051485006392,58.50184760501397,58.992305755615234,3854400,0.0,0.0,-0.005292741306165083,1.1943517039026292,54.335895729064944,64.04411573323755,44.62767572489234,59.67404338436176,52.62616096137856,38.17429065591958,47.33811507464935,64.29906463623047
2020-06-02,59.75741999055571,59.80646879972367,58.09967276870513,59.06097030639648,3824300,0.0,0.0,0.0011639577382462907,1.1957418788105743,54.86510009765625,64.38825216997373,45.34194802533878,59.89965298673165,53.401085024501704,38.856486768176985,47.33811507464935,62.16149139404297
2020-06-03,60.15959458274547,62.57264762656364,59.62989891696144,62.25875473022461,4515200,0.0,0.0,0.054143784080056045,1.2604838689123745,55.471306228637694,65.25562253880659,45.6869899184688,60.32635085935553,54.93131586326299,39.23140384574799,47.33811507464935,64.13690185546875
2020-06-04,61.73886879807734,62.63150245571148,59.1296316648469,59.91436767578125,4026200,0.0,0.0,-0.037655540407158794,1.2130196676539728,55.96225490570068,65.60104044613198,46.32346936526939,61.017896614318886,54.93131586326299,40.7565475810424,47.33811507464935,61.483375549316406
2020-06-05,62.533416323407785,63.49471762407391,60.15960059006595,62.494178771972656,4297900,0.0,0.0,0.043058304648255996,1.2652502380481438,56.593474578857425,66.2068351654426,46.980113992272244,61.371029528916814,54.93131586326299,43.2140760073473,47.33811507464935,65.14918518066406
2020-06-08,62.2979916712085,64.23040169374194,60.777572176439946,61.46421432495117,2701500,0.0,0.0,-0.016480966183740065,1.2443976916609034,57.017720985412595,66.70506187338704,47.33038009743815,61.371029528916814,54.93131586326299,43.514827160807904,47.33811507464935,67.14423370361328
2020-06-09,60.336158306073735,61.62115997079319,59.66913868297738,61.02280044555664,3368600,0.0,0.0,-0.007181640312863169,1.2354608750332376,57.46943283081055,67.01662378054726,47.92224188107382,61.371029528916814,54.93131586326299,43.514827160807904,47.33811507464935,68.60858917236328
2020-06-10,60.807004161949926,62.90616074057947,59.39448227008129,61.28765106201172,4438600,0.0,0.0,0.00434019111743944,1.2408230113490009,58.03836441040039,67.05116122898949,49.025567591811296,61.165037231223536,54.93131586326299,43.97585896890722,47.33811507464935,68.40221405029297
2020-06-11,57.91329614041759,59.8358910871287,56.06917254770564,56.128028869628906,4548000,0.0,0.0,-0.08418697899128547,1.1363618705606588,58.445444679260255,66.24728601223035,50.64360334629016,60.149787120723786,54.93131586326299,43.97585896890722,47.33811507464935,67.66511535644531
2020-06-12,58.98250064083064,60.62062913443272,57.23646700909982,58.11929321289063,5827600,0.0,0.0,0.03547718285078072,1.1766767884271945,58.960425567626956,65.04230030964443,52.87855082560948,60.149787120723786,54.93131586326299,44.22353933847864,46.853969441843574,67.17372131347656
2020-06-15,56.26535962960008,62.4451315781284,56.00051177927618,62.288185119628906,6053000,0.0,0.0,0.0717299140488108,1.261079713324308,59.59115467071533,64.08355941865494,55.098749922775724,60.11545673650906,54.93131586326299,44.61100137004021,46.3502723237458,69.70933532714844
2020-06-16,63.22986452856188,64.43639488433598,60.91490143518204,62.71978759765625,8412800,0.0,0.0,0.0069291227092012075,1.2698178894040164,59.951151084899905,64.22728896675304,55.67501320304678,60.21845333180608,54.93131586326299,46.29817694535309,45.25485130520149,68.87394714355469
2020-06-17,63.710510326723615,64.0244032415746,61.8565828709403,62.24894714355469,3553600,0.0,0.0,-0.007507047969007474,1.2602853055963565,60.1978515625,64.4051831099282,55.99052001507179,60.21845333180608,54.93131586326299,46.344769072977186,45.25485130520149,68.58894348144531
2020-06-18,61.523070536030296,62.16066387555476,60.46367915309316,60.71871948242188,3069500,0.0,0.0,-0.024582386230627917,1.2293044854534019,60.411201095581056,64.24982261627844,56.572579574883676,60.21845333180608,54.93131586326299,47.1467795929226,45.25485130520149,71.77318572998047
2020-06-19,62.17047666656771,62.17047666656771,58.78631465461925,59.03154373168945,5322100,0.0,0.0,-0.027786747894458896,1.1951461116305806,60.46907539367676,64.18455868921704,56.75359209813647,60.21845333180608,54.93131586326299,47.8638091756769,45.25485130520149,69.16879272460938
2020-06-22,59.159062678411615,60.208642807256055,58.11929006601209,60.01245880126953,2956800,0.0,0.0,0.016616795150039332,1.215005609741912,60.522535514831546,64.17831083306453,56.86676019659856,60.21845333180608,55.69642954555462,47.444469576982684,45.25485130520149,71.42919921875
2020-06-23,60.67948224747845,60.924711319773856,59.27677165459684,60.02226638793945,3174800,0.0,0.0,0.00016342584299700036,1.2152041730579302,60.49408874511719,64.15620143183976,56.831976058394616,60.21845333180608,58.46261133231435,47.444469576982684,45.25485130520149,71.03609466552734
2020-06-24,59.25714994780431,59.2865762376162,56.363446289516205,57.91329574584961,4328800,0.0,0.0,-0.03513647132980646,1.172506186471419,60.202265930175784,63.70516526635807,56.699366593993496,60.21845333180608,59.67404338436176,48.837370669989994,44.90763517559855,71.10488891601562
2020-06-25,56.54982985771959,58.68822782969757,56.03975289962494,58.61956024169922,4320800,0.0,0.0,0.012195204689248396,1.186805139414848,60.181176376342776,63.71706181747178,56.64529093521377,60.21845333180608,59.89965298673165,50.22536606805616,43.62637406223324,72.33338165283203
2020-06-26,58.22718821249811,58.3056595653818,56.9029490522879,57.87405776977539,5521300,0.0,0.0,-0.012717640133259045,1.1717117787434677,60.10956935882568,63.77060347675432,56.448535240897044,60.23807389198046,60.32144903420234,50.22536606805616,41.90767797593517,71.47835540771484
2020-06-29,58.12910272211563,59.83589886064164,56.78524833641983,59.7868537902832,2528800,0.0,0.0,0.0330510092815155,1.2104380356179791,60.14929676055908,63.77772025609346,56.520873265024704,60.03207807059977,60.32144903420234,50.22536606805616,41.90767797593517,72.29405975341797
2020-06-30,59.99284446616229,60.73833925380192,58.97269055305632,60.44406509399414,2518200,0.0,0.0,0.010992572146650614,1.2237438630535598,60.218451499938965,63.813476092488514,56.623426907389415,59.105114783096326,60.32144903420234,50.401930257757776,42.08424216563679,72.0287094116211
2020-07-01,60.39502042495816,60.73833965669473,58.16833982254091,58.63917922973633,2959300,0.0,0.0,-0.029860431482414462,1.1872023432788237,60.03747272491455,63.56654531902552,56.50840013080358,59.105114783096326,60.32144903420234,51.89292637694121,43.575238284820216,71.97957611083984
2020-07-02,60.120361287105375,60.29692652152057,58.57051172766067,59.021732330322266,2887500,0.0,0.0,0.006523848144039945,1.1949474710826231,59.992840957641604,63.54978327768009,56.43589863760312,58.482232109699396,60.32144903420234,52.73651614008987,44.41882804796888,73.21788787841797
2020-07-06,60.14979036836115,60.98356777028972,59.76723359001984,60.757957458496094,2232800,0.0,0.0,0.02941670905992444,1.230098893181353,59.906029891967776,63.293460978173705,56.51859880576185,58.51166033495733,60.21845333180608,53.91361488389517,44.75233814252905,72.30388641357422
2020-07-07,60.26749404423193,62.22932657650132,60.03207623582282,60.98356246948242,3348700,0.0,0.0,0.003713176354561254,1.234666467305286,59.88199729919434,63.23105800251404,56.53293659587464,59.13453973806313,60.21845333180608,55.29670577727504,44.75233814252905,73.01150512695312
2020-07-08,61.80753266488811,64.61295754398257,61.47402098266416,64.29906463623047,4385200,0.0,0.0,0.054367144727027084,1.3017917578228797,60.045810508728025,63.89150577645135,56.200115241004696,60.32635522180376,60.30673466162938,56.15010217287016,44.75233814252905,73.2965087890625
2020-07-09,64.42191226215547,64.628297341716,61.93545005704127,62.16149139404297,3431100,0.125,0.0,-0.03324423542209731,1.25851468615527,60.08950252532959,64.01058194790909,56.16842310275009,60.70677283906792,60.314404560496094,56.65036900561668,46.116730367043864,72.9721908569336
2020-07-10,62.41701495329498,64.83468212067983,62.36787618444379,64.13690185546875,3685300,0.0,0.0,0.03177868511718307,1.298508628081949,60.48994617462158,64.34553455966426,56.63435778957891,60.80996522854983,60.417596949978005,57.62883336130926,46.116730367043864,75.74366760253906
2020-07-13,64.12708066700371,65.16883620641778,61.2475041777416,61.483375549316406,4195200,0.0,0.0,-0.041372848226002734,1.2447856276921594,60.65815029144287,64.37492169027547,56.941378892610274,61.66858801447934,60.58467399284698,57.97460623879094,46.116730367043864,75.8419418334961
2020-07-14,61.27698809026819,65.18849770166413,61.1688842810905,65.14918518066406,3796300,0.0,0.0,0.05962277767926505,1.3190032044303934,60.80120029449463,64.95721514100441,56.64518544798484,61.678418762102524,60.59450474047016,58.1511726960899,47.56915409371646,75.48812866210938
2020-07-15,66.80025859460761,67.6847713735472,65.51280568743137,67.14423370361328,4094700,0.0,0.0,0.030622770145425138,1.3593947363807446,61.02242259979248,65.96865452956959,56.076190670015365,63.12764155060394,61.842641576411694,58.1511726960899,48.17065640063766,75.61589813232422
2020-07-16,66.69215106624505,68.84446424549708,66.44645348863527,68.60858917236328,3525600,0.0,0.0,0.021809102405039305,1.3890419153953437,61.34040470123291,67.28919908413988,55.39161031832595,64.30584891775845,62.42248801238663,58.1511726960899,48.17065640063766,77.9942398071289
2020-07-17,69.4046645115962,70.44641999270696,68.05823889125602,68.40221405029297,3569700,0.0,0.0,-0.003008007081326869,1.3848636674775747,61.724579429626466,68.41757603485956,55.031582824393375,65.2392481142649,63.22346588599157,58.04817654724326,48.17065640063766,77.39474487304688
2020-07-20,67.93047295481432,68.05823300337633,66.69215499131504,67.66511535644531,2088500,0.0,0.0,-0.010775947885337533,1.369940448768539,62.156258010864256,69.20689986444441,55.1056161572841,65.80765213689872,63.22346588599157,57.540551491993384,48.17065640063766,76.63800048828125
2020-07-21,67.8321890718674,68.24496673210989,66.21059093513381,67.17372131347656,3058600,0.0,0.0,-0.007262147420871057,1.3599917392717675,62.51432113647461,69.81870129029002,55.209940982659184,65.80765213689872,63.22346588599157,57.540551491993384,48.17065640063766,75.82228088378906
2020-07-22,67.14425134338617,69.9648629744385,67.06562629835894,69.70933532714844,2921000,0.0,0.0,0.03774711247332929,1.4113275004168577,62.99867458343506,70.84830067159714,55.14904849527298,65.80765213689872,63.243086446165954,57.52338629988603,48.17065640063766,74.49551391601562
2020-07-23,70.59383019652303,72.48078580366547,67.81253180275142,68.87394714355469,3769000,0.0,0.0,-0.011983878194695818,1.3944143235590376,63.54670715332031,71.43040077230634,55.66301353433428,66.82483504237798,64.2602693516452,57.574884597534535,48.17065640063766,74.62328338623047
2020-07-24,68.66756851363674,69.17861622668939,67.27200043557433,68.58894348144531,2245700,0.0,0.0,-0.004138047461042738,1.3886441709077926,64.04517631530761,71.87970532841945,56.21064730219578,66.82483504237798,64.2602693516452,57.574884597534535,48.17065640063766,73.53237915039062
2020-07-27,69.09999449264689,71.86164076994172,68.72653681905615,71.77318572998047,3440600,0.0,0.0,0.046425007981010236,1.4531119876249703,64.74013271331788,72.72775454679292,56.75251087984283,68.99679574554841,64.2602693516452,57.574884597534535,49.7746774405285,76.78540802001953
2020-07-28,72.28424430969068,73.04098969589938,69.01155014354242,69.16879272460938,3624400,0.0,0.0,-0.03628643453516389,1.4003837346137549,65.20922966003418,73.07797122597229,57.340488094096074,69.6257903155166,64.54037129776216,57.574884597534535,51.20873660603709,77.02128601074219
2020-07-29,69.57172615381249,71.68472679591189,69.51276113527318,71.42919921875,2398900,0.0,0.0,0.03267957130812271,1.4461476747278004,65.75848636627197,73.75400934163139,57.76296339091254,69.6257903155166,64.54037129776216,57.95744143868035,51.20873660603709,74.01394653320312
2020-07-30,70.03365167550146,71.80267003991707,69.9058841143723,71.03609466552734,1720300,0.0,0.0,-0.005503415375255449,1.4381889233798135,66.37833213806152,73.97823099009368,58.77843328602937,69.6257903155166,64.54037129776216,59.34053233206022,51.20873660603709,72.35303497314453
2020-07-31,71.13437143038338,71.24247898179597,69.5913906943356,71.10488891601562,1840800,0.0,0.0,0.0009684407738375089,1.439581724173696,66.9824899673462,74.04344091314017,59.92153902155222,69.6257903155166,64.54037129776216,59.94624835808392,51.20873660603709,72.10733032226562
2020-08-03,71.60611875864674,72.5299442580826,71.0164459390885,72.33338165283203,1942400,0.0,0.0,0.017277190859090075,1.4644536523795029,67.56126117706299,74.37725421732544,60.74526813680054,70.05330799712917,64.91311901615961,60.05905315926887,51.20873660603709,74.48568725585938
2020-08-04,71.94026063813308,72.6577009926955,71.26214030091256,71.47835540771484,1587900,0.0,0.0,-0.011820631437099549,1.4471428854980104,68.08600082397462,74.38668829851922,61.78531334943001,70.15649506573686,64.91311901615961,60.279761463091404,51.20873660603709,74.20068359375
2020-08-05,71.91077209552235,72.77563245023717,71.16385678675412,72.29405975341797,1372800,0.0,0.0,0.011411907017870204,1.463657545548886,68.48575057983399,74.78917918384647,62.18232197582151,70.15649506573686,65.60466475922014,60.176763552401056,51.20873660603709,76.14659881591797
2020-08-06,72.52993461575487,73.07046483761674,71.80266432015817,72.0287094116211,1516600,0.0,0.0,-0.003670430775390643,1.4582852918490707,68.97911148071289,74.74106488477207,63.2171580766537,70.89850082833644,65.61940233007883,59.713281908649336,51.20873660603709,77.64044189453125
2020-08-07,71.72405597240392,72.1466561990131,70.69212291963136,71.97957611083984,1765300,0.0,0.0,-0.0006821349595543813,1.4572905444704964,69.37124519348144,74.81714564778197,63.925344739180915,71.04100749057957,65.8204882826387,59.713281908649336,51.20873660603709,74.59379577636719
2020-08-10,72.15647240224818,75.37020134430178,72.09750737515965,73.21788787841797,3076200,0.0,0.0,0.017203654626574583,1.4823612676881397,69.95797080993653,74.27972684311634,65.63621477675672,72.44148123978748,67.56871746716081,59.40184057195087,51.20873660603709,77.53233337402344
2020-08-11,73.88617949145274,74.17118959534154,72.06801882687483,72.30388641357422,2679200,0.0,0.0,-0.012483308264252257,1.463856495024601,70.31570587158203,74.13634364657729,66.49506809658676,72.48079601931869,67.7011387900623,59.3650568333817,52.13080022223572,76.79524230957031
2020-08-12,73.01150512695312,73.1392651891075,72.01888464991917,73.01150512695312,2873600,0.0,0.0,0.009786731370584612,1.4781828653064921,70.60906944274902,74.30838892426532,66.90974996123272,72.48079601931869,68.26954281269613,59.67649653493461,52.13080022223572,77.81734466552734
2020-08-13,72.69700605374145,73.73876146353415,72.20561086073045,73.2965087890625,1526100,0.0,0.0,0.0039035445388204693,1.4839530179577374,70.84346542358398,74.60031591979377,67.08661492737419,73.03116213196657,68.26954281269613,60.31654494171657,52.62616096137856,75.42916870117188
2020-08-14,72.82477078992663,73.35547853229404,72.48079563230777,72.9721908569336,1207500,0.0,0.0,-0.0044247391517957535,1.4773869129397543,71.07196426391602,74.76168215310626,67.38224637472577,73.03116213196657,68.26954281269613,60.510588699782005,53.401085024501704,78.47582244873047
2020-08-17,73.70929145821617,76.1859203520496,73.28669122059851,75.74366760253906,3183300,0.0,0.0,0.037979903207773,1.5334979248936367,71.4758918762207,75.35148917742386,67.60029457501754,73.43902163584048,68.67740231657005,60.61378108926392,55.027463779038655,74.96724700927734
2020-08-18,77.10974249077216,77.23750255771755,75.70435176198674,75.8419418334961,2991400,0.0,0.0,0.001297458045901978,1.5354875741146639,71.90930290222168,75.700424744761,68.11818105968237,73.96481273867445,69.20319341940402,61.126631003663164,55.19454082190763,76.20557403564453
2020-08-19,75.5274411781087,75.95004135248176,74.82966088983612,75.48812866210938,1712400,0.0,0.0,-0.004665138613716979,1.5283243117417789,72.19824256896973,76.15375490114177,68.2427302367977,73.96481273867445,71.37515412257446,61.13646175128634,55.20437156953081,75.38002014160156
2020-08-20,74.81001027912866,76.8050736536191,74.30878506003877,75.61589813232422,1448000,0.0,0.0,0.001692576998255646,1.530911118317708,72.5353401184082,76.4486286059217,68.6220516308947,74.62819360381836,71.72404674642567,62.48514156350782,56.452508405472344,78.2694320678711
2020-08-21,75.52743402305701,78.2694198949594,74.93776133512097,77.9942398071289,3400900,0.0,0.0,0.03145293163935836,1.5790627610680885,73.00560493469239,77.16442701813969,68.84678285124508,75.14415227243929,72.2400054150466,63.36416846507254,57.03235484144728,77.61096954345703
2020-08-24,78.62323288690476,78.62323288690476,76.76575960979929,77.39474487304688,1737000,0.0,0.0,-0.007686400118323,1.5669254528745753,73.2866828918457,77.82147224275799,68.75189354093341,75.32105876841197,72.41691191101928,64.23135700012824,57.83333271505222,80.27432250976562
2020-08-25,77.90579353568609,77.90579353568609,75.89107766729953,76.63800048828125,1726200,0.0,0.0,-0.009777723100023672,1.5516044896779886,73.6601432800293,78.00095451411359,69.31933204594502,75.4144218738176,72.41691191101928,64.51555901144515,57.83333271505222,81.50281524658203
2020-08-26,77.04093888071074,77.56181659318146,75.79279837147497,75.82228088378906,1598000,0.0,0.0,-0.010643800716289786,1.5350895206993556,73.87979736328126,78.1909945820483,69.5686001445142,75.55201425960627,72.84442959263185,64.51555901144515,57.83333271505222,82.41680145263672
2020-08-27,76.18590707377442,76.93282986317192,74.45620140098464,74.49551391601562,1990500,0.0,0.0,-0.017498378475410692,1.5082279432725214,74.05276832580566,78.16458695317765,69.94094969843367,75.95496205375164,72.94761666123955,64.52536929153234,57.83333271505222,81.58143615722656
2020-08-28,74.78052596810807,76.02867410908885,74.3481032443723,74.62328338623047,1662300,0.0,0.0,0.0017151297239037522,1.5108147498484503,74.2286880493164,78.11336194313667,70.34401415549614,76.46600897347176,72.94761666123955,65.54255219701159,58.850515620531475,79.2718734741211
2020-08-31,74.22032944726588,74.66258963648215,72.94270639619813,73.53237915039062,2043000,0.0,0.0,-0.01461881850190927,1.4887284232304083,74.28863792419433,78.08967547229041,70.48760037609826,75.78296964155145,73.67488485298045,65.54255219701159,58.850515620531475,79.04583740234375
2020-09-01,73.61099936059574,76.82472053413595,73.03114914999767,76.78540802001953,2331700,0.0,0.0,0.04423940728173248,1.5545888862775898,74.55399055480957,78.27242393125489,70.83555717836425,75.78296964155145,73.81739151522359,66.62853254859681,58.850515620531475,82.5642318725586
2020-09-02,77.15887606629327,77.38491365837193,75.04587521590766,77.02128601074219,2506800,0.0,0.0,0.003071911666617133,1.5593644460141394,74.79035186767578,78.50505668808078,71.07564704727078,75.78296964155145,74.06799701108898,67.08308080663937,59.13061756664843,82.62318420410156
2020-09-03,76.53971769466244,76.87387034731843,72.52993834946321,74.01394653320312,2518400,0.0,0.0,-0.03904556302941542,1.4984781832514649,74.88961372375488,78.40231033136669,71.37691711614306,75.57658561818398,74.10731179062017,67.08308080663937,59.895731248940066,82.5052490234375
2020-09-04,74.42672340371459,75.17363874032195,70.11226646903438,72.35303497314453,2120100,0.0,0.0,-0.022440521521352674,1.4648515513309328,74.90828666687011,78.36174239455129,71.45483093918894,74.00903000236023,74.10731179062017,67.08308080663937,62.6619130356998,81.6010971069336
2020-09-08,70.76090485010897,73.80755342042517,70.54468977448283,72.10733032226562,2092700,0.0,0.0,-0.003395913536593298,1.4598770421186684,74.8527587890625,78.44753147093665,71.25798610718836,73.83704153110793,74.36774967796957,67.08308080663937,63.873345087747204,81.88610076904297
2020-09-09,73.03115412681184,75.03604749480368,72.23509628146799,74.48568725585938,1761300,0.0,0.0,0.03298356662164981,1.5080289937968065,74.96184883117675,78.36595454873762,71.55774311361589,73.74859006370315,74.36774967796957,67.48321350664439,64.0989546901171,83.47315216064453
2020-09-10,75.01640151756884,76.02867454438416,73.64049330230384,74.20068359375,1549600,0.0,0.0,-0.0038262876078511976,1.5022588411455615,75.0213077545166,78.326105172399,71.7165103366342,73.74859006370315,74.36774967796957,67.53480704094824,64.52075073758778,83.47315216064453
2020-09-11,75.28173851823735,76.56919896189501,74.93776339897585,76.14659881591797,2562600,0.0,0.0,0.026225030928581194,1.5416556257173384,75.16381225585937,78.40327135241995,71.92435315929879,73.74859006370315,74.36774967796957,67.88057991247851,64.52075073758778,81.36365509033203
2020-09-14,78.09252458047476,78.10235458397885,76.18590879785134,77.64044189453125,5171300,0.0,0.0,0.01961798822065064,1.5718998076229609,75.39722480773926,78.64419184224369,72.15025777323484,74.10731052650661,74.36774967796957,68.25895157920763,64.53548830844646,82.10296630859375
2020-09-15,74.24982062253629,77.9942497935594,73.36530772833115,74.59379577636719,7432400,0.0,0.0,-0.039240453091479055,1.5102177469574272,75.33973121643066,78.60096928792848,72.07849314493285,74.10731052650661,74.36774967796957,68.43074788660914,64.53548830844646,78.94857025146484
2020-09-16,76.10729030579924,78.46598124657092,75.78296767710965,77.53233337402344,5035700,0.0,0.0,0.039393860669941105,1.5697110544623405,75.42425079345703,78.81951486845739,72.02898671845668,74.28912385780265,74.36774967796957,70.00509935347415,65.68535656178898,75.44916534423828
2020-09-17,77.24732500000015,77.91562278109117,75.94021195052721,76.79524230957031,3218100,0.0,0.0,-0.009506886125783542,1.5547879902171835,75.48960647583007,78.93775953913692,72.04145341252323,74.28912385780265,74.36774967796957,70.0909674046905,65.68535656178898,77.15449523925781
2020-09-18,76.68713419873916,78.5052949506528,76.42178408821812,77.81734466552734,5293100,0.0,0.0,0.013309448934828882,1.5754813615774643,75.59967880249023,79.19593753567274,72.00342006930772,74.52499236256782,74.36774967796957,70.37516941600741,65.68535656178898,73.9508285522461
2020-09-21,76.04832399901343,76.75593433831591,73.46358775781887,75.42916870117188,2794400,0.0,0.0,-0.03068950726371178,1.5271306148874901,75.47142524719239,78.89386594471969,72.04898454966508,75.37019561606039,74.36774967796957,70.65035247233135,65.68535656178898,71.47660064697266
2020-09-22,75.8222910126461,78.68220756059509,75.14416314645038,78.47582244873047,2805000,0.0,0.0,0.040390923034410386,1.5888128300169027,75.52547912597656,79.10016761436107,71.95079063759205,76.02375764446312,74.39723701481473,70.65035247233135,65.68535656178898,71.29915618896484
2020-09-23,78.62322832613802,78.68219334799211,74.81000445163465,74.96724700927734,2993200,0.0,0.0,-0.04470899864407707,1.5177785993539847,75.44194145202637,78.98636443242879,71.89751847162395,76.02375764446312,74.39723701481473,71.05821197620526,66.09321606566289,70.57955932617188
2020-09-24,75.02622097136188,77.7288947671273,73.91567043823473,76.20557403564453,2584800,0.0,0.0,0.016518240641995918,1.5428496314993854,75.46110610961914,79.01780463569213,71.90440758354615,76.02375764446312,74.39723701481473,71.58400307903923,66.61900716849686,69.22909545898438
2020-09-25,75.1932950656422,76.34315802587477,74.52499729849842,75.38002014160156,2454900,0.0,0.0,-0.010833248151333685,1.526135558581159,75.50533142089844,79.03449698454926,71.97616585724762,76.02375764446312,74.39723701481473,72.66998343062446,66.61900716849686,71.47660064697266
2020-09-28,76.84438889222017,78.36770961479594,75.9500459695827,78.2694320678711,2282800,0.0,0.0,0.038331270286765085,1.5846342731713765,75.68763885498046,79.39008178076847,71.98519592919246,76.07289765920697,74.39723701481473,73.17612017512201,66.61900716849686,73.31008911132812
2020-09-29,78.25960739583185,78.95738777406545,77.06060924470303,77.61096954345703,2198500,0.0,0.0,-0.008412767373130792,1.5713031136596955,75.89156837463379,79.54514932068165,72.23798742858594,76.21048776594216,74.53482712154991,73.69207884374293,67.13496583711779,78.3472671508789
2020-09-30,77.88614146829042,81.29642545530398,77.76820391754126,80.27432250976562,4661300,0.0,0.0,0.03431670783106622,1.6252250635252,76.06601409912109,80.18278712120257,71.94924107703962,77.38000660656142,75.70434596216919,73.86898533971564,67.31187233309046,77.59809875488281
2020-10-01,81.04090251879148,81.768165378453,79.90086945484339,81.50281524658203,3298800,0.0,0.0,0.01530368240313651,1.6500969917310069,76.29009056091309,81.03737958596193,71.54280153586424,77.61587656813595,75.9402159237437,73.91566689241844,67.31187233309046,74.5126953125
2020-10-02,79.7042979179959,82.74112407595045,79.40946530433428,82.41680145263672,2321000,0.0,0.0,0.011214167305625855,1.6686014554667883,76.71023330688476,82.03610757139205,71.38435904237747,78.32839725709259,76.42669527249242,74.19822192611906,67.31187233309046,69.39668273925781
2020-10-05,82.89837174182195,84.09737727292878,79.42912270390869,81.58143615722656,2828700,0.0,0.0,-0.010135861628775111,1.6516887420006041,77.17165336608886,82.50673099083292,71.8365757413448,79.00652385558175,77.10482187098158,74.4512893574956,67.33149289326485,74.2662582397461
2020-10-06,81.97454694494117,82.24972704409305,78.64288074993706,79.2718734741211,2534900,0.0,0.0,-0.02830990470251593,1.6049295911163486,77.52988052368164,82.39304223247234,72.66671881489094,79.00652385558175,77.10482187098158,74.70681281735565,67.33149289326485,75.13372802734375
2020-10-07,80.43156805902703,80.93279329565962,78.3480570719435,79.04583740234375,2742400,0.0,0.0,-0.002851403175820444,1.6003532897832713,77.75788803100586,82.45161360000452,73.0641624620072,79.3111872857136,77.10482187098158,74.72892724726594,67.33149289326485,72.93550872802734
2020-10-08,79.9500055476489,82.59371438781605,79.9500055476489,82.5642318725586,2375000,0.0,0.0,0.04451081278709457,1.6715863154580253,78.17606544494629,83.01716389941024,73.33496699048234,80.02371162125574,77.10482187098158,74.80018057838751,67.33149289326485,74.5225601196289
2020-10-09,83.15389189145685,83.69442958175259,81.94505646502061,82.62318420410156,2090200,0.0,0.0,0.0007140178041498135,1.6727798578484354,78.49989471435546,83.61634756950286,73.38344185920806,80.5789932588159,77.10482187098158,74.9254833263202,67.33149289326485,74.68029022216797
2020-10-12,82.99664421118423,83.11458175555782,81.57160116595692,82.5052490234375,1473700,0.0,0.0,-0.0014273860515073844,1.6703921552121002,78.74313507080078,84.13138009518798,73.35489004641357,80.93279059523502,77.10482187098158,74.84194870440209,67.33149289326485,74.63098907470703
2020-10-13,81.66989214461617,82.36767252628147,80.31364390254659,81.6010971069336,1371300,0.0,0.0,-0.010958719926377758,1.6520867954159122,79.0935001373291,84.26139716620497,73.92560310845323,81.22271717243615,77.32103352370581,74.0581708964902,67.33149289326485,75.39002227783203
2020-10-14,81.81730573681574,82.31853097052623,80.88365779971818,81.88610076904297,1527000,0.0,0.0,0.003492644979220083,1.6578569480671574,79.31118850708008,84.5647154755449,74.05766153861525,81.22271717243615,78.16623677719838,74.10239560453874,67.33149289326485,75.21258544921875
2020-10-15,80.73277355560961,83.6702987788793,80.58490983160283,83.47315216064453,1828100,0.25,0.0,0.019381206049580824,1.6899882151783763,79.64508399963378,85.06460212603099,74.22556587323658,81.22271717243615,78.73134250062996,74.05816987083637,67.7042406116623,74.68029022216797
2020-10-16,84.19275160645812,85.56294090897558,83.29571719596868,83.47315216064453,3765600,0.0,0.0,0.0,1.6899882151783763,79.92787437438965,85.52566490157508,74.33008384720421,81.95549899045955,79.46412431865336,74.05816987083637,67.7042406116623,77.11508178710938
2020-10-19,83.71959262181414,83.74916386369406,80.80177893262838,81.36365509033203,2371300,0.0,0.0,-0.025271563559176036,1.6472795705842376,80.22459869384765,85.44992614122688,74.99927124646842,81.95549899045955,79.46412431865336,74.05816987083637,68.39578635472283,75.43930053710938
2020-10-20,81.63966346354367,83.12814531195392,81.22565103545449,82.10296630859375,1673900,0.0,0.0,0.009086504501806258,1.6622475838180848,80.40595588684081,85.62764942577145,75.18426234791018,82.75647322831225,79.46412431865336,74.23753010223808,68.39578635472283,75.9420394897461
2020-10-21,81.89596280388092,82.13254026766394,78.63313112620015,78.94857025146484,3160300,0.0,0.0,-0.03842000111509658,1.5983840297942273,80.60502204895019,85.24771623022852,75.96232786767186,82.09803601758787,79.51326433339722,74.23753010223808,68.59687230728272,76.60248565673828
2020-10-22,78.83028184620444,78.85985308780651,74.64085215091472,75.44916534423828,4498800,0.0,0.0,-0.04432512072201378,1.5275354647134594,80.56720161437988,85.364095722497,75.77030750626277,80.10189652994515,79.51326433339722,74.3284367678861,69.1952332384623,74.77885437011719
2020-10-23,75.7547348372577,77.36150894438377,74.95628133708283,77.15449523925781,3407400,0.0,0.0,0.022602369254039134,1.5620613853355532,80.65592536926269,85.11607014236498,76.1957805961604,80.10189652994515,79.51326433339722,74.3284367678861,69.32765456136379,72.18633270263672
2020-10-26,75.90261334741378,76.29691414166264,73.14251530833388,73.9508285522461,2844500,0.0,0.0,-0.04152274831268199,1.4972003035833057,80.43999519348145,85.69764734711418,75.18234303984872,79.35272810865473,79.35272810865473,74.44637102026869,69.89605858399763,70.18526458740234
2020-10-27,74.12825806327439,74.12825806327439,71.1710136056332,71.47660064697266,3211100,0.0,0.0,-0.033457744202627815,1.4471073588059187,80.13327674865722,86.60542302295015,73.6611304743643,78.3669772573044,78.3669772573044,74.86897264701497,69.89605858399763,74.34513092041016
2020-10-28,70.05711157628305,72.66934533698391,69.74167251027853,71.29915618896484,2754800,0.0,0.0,-0.00248255312090484,1.4435148379160307,79.68451843261718,87.22437969675721,72.14465716847715,77.65230670962706,77.65230670962706,75.21049732963893,69.9255459208428,72.82707214355469
2020-10-29,71.75260191976744,72.51162461401934,70.30355107371665,70.57955932617188,2299600,0.0,0.0,-0.01009264206277305,1.4289459593446423,79.13835563659669,87.60808733820912,70.66862393498425,76.7454181869863,77.65230670962706,75.21049732963893,69.9255459208428,75.2421646118164
2020-10-30,70.16555318747612,71.14144174420542,68.42078228176851,69.22909545898438,2914300,0.0,0.0,-0.01913392319363394,1.4016046171106884,78.47897033691406,87.84159096970528,69.11634970412284,75.77446379686121,76.99186159537204,75.21049732963893,69.9255459208428,71.46674346923828
2020-11-02,70.81614366906334,72.56092211064211,69.9585475895708,71.47660064697266,2843700,0.0,0.0,0.03246474871710325,1.4471073588059187,77.97372856140137,87.69968712361771,68.24776999918504,75.27666127471622,76.99186159537204,75.21049732963893,72.09750662401322,71.35831451416016
2020-11-03,72.81721505993718,73.76353233612846,71.39773538531966,73.31008911132812,2544000,0.0,0.0,0.02565159013942453,1.4842279636617532,77.67563934326172,87.58985898629189,67.76141970023156,73.6403176847875,76.99186159537204,75.23506733701086,72.44639924786445,71.25973510742188
2020-11-04,75.81389467775728,79.77659897616473,75.6561713620686,78.3472671508789,5946700,0.0,0.0,0.06871057040868367,1.5862101136614712,77.64071083068848,87.54012611474315,67.74129554663381,74.09869062896662,76.99186159537204,75.37265744374604,72.58398935459962,71.72303771972656
2020-11-05,79.12600393767046,79.7568896985621,77.45023502218417,77.59809875488281,2624600,0.0,0.0,-0.009562150962500904,1.5710425330963946,77.39240417480468,87.0281801359891,67.75662821362026,74.09869062896662,76.99186159537204,76.5421762843653,73.7535081952189,73.61566925048828
2020-11-06,77.59809168052095,77.59809168052095,74.26625828735641,74.5126953125,2143500,0.0,0.0,-0.03976132781460273,1.508575795927265,76.98687973022462,86.38516467767603,67.5885947827732,74.09869062896662,76.99186159537204,76.77804624593982,73.9893781567934,72.81723022460938
2020-11-09,75.8040467737509,76.63207174675188,69.2882498231749,69.39668273925781,4995900,0.0,0.0,-0.06865960963814366,1.4049975706693472,76.33145141601562,85.92737788905698,66.73552494297427,74.09869062896662,76.99186159537204,77.3775462647925,74.9033751871547,73.23123931884766
2020-11-10,69.92897261652828,74.82814187654799,68.69678749160023,74.2662582397461,5601800,0.0,0.0,0.070170148028323,1.5035864581826495,75.96470947265625,85.28058980261854,66.64882914269397,74.09869062896662,76.99186159537204,78.05567286328167,75.68468885425156,78.8105697631836
2020-11-11,74.39441688698652,75.17315885730889,73.52695366907713,75.13372802734375,1823000,0.0,0.0,0.011680537139723501,1.5211491556502372,75.6270908355713,84.53635361399498,66.71782805714761,74.09869062896662,76.99186159537204,78.05567286328167,75.68468885425156,79.68787384033203
2020-11-12,75.43931011054306,76.22791169519728,72.45249420577423,72.93550872802734,2434800,0.0,0.0,-0.029257423490504753,1.4766442506111546,75.10020866394044,83.30205305327384,66.89836427460703,74.23669323388248,76.99186159537204,78.20800457834758,76.41195704599247,78.37683868408203
2020-11-13,73.80296816737213,75.18300958831983,72.99465496910489,74.5225601196289,1559700,0.0,0.0,0.021759653415452274,1.5087755177223736,74.65267906188964,81.8882221705219,67.41713595325739,74.23669323388248,76.99186159537204,78.56426674611866,76.5544637082356,79.19500732421875
2020-11-16,74.80843478842446,75.59703640404298,73.07351574646115,74.68029022216797,2442700,0.0,0.0,0.0021165416524320246,1.5119689039498028,74.31851081848144,80.86034749078866,67.77667414617423,74.23669323388248,76.99186159537204,78.84190756489875,76.80506920410099,77.45022583007812
2020-11-17,74.38455204532787,75.89274546182256,73.6846717843704,74.63098907470703,2060600,0.0,0.0,-0.0006601627727245152,1.510970758365898,73.94491195678711,79.42202126139281,68.4678026521814,74.22683859508118,76.99186159537204,79.01880623310831,76.84438398363218,79.28372955322266
2020-11-18,74.28598163570517,76.55320540270549,74.12825832083209,75.39002227783203,2662100,0.0,0.0,0.010170482966066485,1.526338060726083,73.76698455810546,78.7900127593757,68.74395635683523,73.14743958606059,76.99186159537204,79.27187534807098,76.84438398363218,77.22349548339844
2020-11-19,75.72517116855889,76.74049054079936,74.80842510534596,75.21258544921875,2479300,0.0,0.0,-0.002353585040197781,1.5227456943000737,73.75515556335449,78.76321230079856,68.74709882591043,72.7186390161998,76.99186159537204,79.69447697481726,77.10482187098158,76.83906555175781
2020-11-20,75.73504055867686,76.35605925452934,74.61128814485103,74.68029022216797,1559600,0.0,0.0,-0.007077209537095008,1.5119689039498028,73.6314453125,78.4121765772833,68.8507140477167,72.7186390161998,76.99186159537204,79.97702983653306,77.10482187098158,76.91792297363281
2020-11-23,74.84785801316096,77.6276675206946,74.81828677169702,77.11508178710938,2075800,0.0,0.0,0.03260286693715431,1.5612634249383932,73.78965797424317,78.80834917115433,68.770966777332,75.04008086323441,76.08497307273129,80.70981165455646,77.83760368900498,75.14358520507812
2020-11-24,77.60795085937033,77.82480912300142,75.17315186044421,75.43930053710938,2134300,0.0,0.0,-0.021730914513276467,1.5273357429183518,73.98779296875,78.93723472530864,69.03835121219136,75.13865166438782,75.77446379686121,80.70981165455646,77.83760368900498,73.2115249633789
2020-11-25,75.6266003779567,76.49405605521211,74.56199055541941,75.9420394897461,1538400,0.0,0.0,0.006664151828785991,1.5375141402026913,74.21993713378906,79.07685458386925,69.36301968370887,75.40973204605315,75.27666127471622,81.11029877348281,77.83760368900498,72.65949249267578
2020-11-27,75.84346291190316,77.4995200576593,75.65616836211497,76.60248565673828,786000,0.0,0.0,0.00869671359144042,1.550885460322824,74.52108345031738,79.1784614472028,69.86370545343195,75.44916243473128,74.09869062896662,80.80565017549254,77.83760368900498,72.2454833984375
2020-11-30,76.0899011989628,76.45462319689597,73.78324664468857,74.77885437011719,2203200,0.0,0.0,-0.023806424438926554,1.5139644227982187,74.79857139587402,78.76479006816832,70.83235272357972,75.75474045368591,74.09869062896662,79.80758043167118,77.83760368900498,74.61128234863281
2020-12-01,75.55758921429602,75.77445498767656,71.94974775677025,72.18633270263672,3370600,0.0,0.0,-0.0346691814058665,1.4614765155821994,74.83405799865723,78.6907712469933,70.97734475032117,74.88727843988583,74.09869062896662,79.80758043167118,77.83760368900498,72.34405517578125
2020-12-02,72.20605128346352,72.45248831856067,69.9585467266834,70.18526458740234,3165600,0.0,0.0,-0.027720872363436788,1.4209631116315848,74.67781677246094,78.9993344408247,70.35629910409719,73.89167792484241,74.09869062896662,79.35272810865473,77.83760368900498,74.7985610961914
2020-12-03,70.51057084450167,74.50285424971361,70.51057084450167,74.34513092041016,3528300,0.0,0.0,0.05926979626652962,1.5051833057602428,74.4777099609375,78.45433097426059,70.50108894761442,73.89167792484241,74.09869062896662,78.3669772573044,77.83760368900498,75.49845886230469
2020-12-04,73.6551045176831,74.13811901553869,72.28491516206913,72.82707214355469,2818400,0.0,0.0,-0.02041907463288506,1.4744488555037518,74.2391586303711,78.00287999899442,70.47543726174777,73.89167792484241,74.09869062896662,77.65230670962706,77.65230670962706,75.25201416015625
2020-12-07,73.12280440160846,75.35059751936161,72.26520072938602,75.2421646118164,2301700,0.0,0.0,0.03316201512949957,1.5233445507576406,74.27563209533692,78.0635731724644,70.48769101820943,73.89167792484241,74.09869062896662,77.19886244830667,77.65230670962706,73.94097137451172
2020-12-08,74.25641263996187,74.60142300085342,70.82600564434723,71.46674346923828,3682200,0.0,0.0,-0.050176934197148415,1.44690779147469,74.37913513183594,77.70892112416219,71.04934913950969,73.72903339217135,74.23669323388248,76.38316269611663,76.99186159537204,75.49845886230469
2020-12-09,71.86104822250209,71.93005029849708,70.23456212186333,71.35831451416016,3843300,0.0,0.0,-0.0015171945693145394,1.4447125508311656,74.23373794555664,77.81765517372658,70.6498207173867,73.72903339217135,74.23669323388248,76.13426143504412,76.99186159537204,77.12492370605469
2020-12-10,70.59928564778927,72.00890581184811,70.21484446856064,71.25973510742188,2221500,0.0,0.0,-0.001381470504305704,1.442716723054992,74.04003829956055,77.82385587708204,70.25622072203906,73.20658496178967,74.23669323388248,75.31608964007978,76.99186159537204,81.35379791259766
2020-12-11,71.7131781324111,72.7974995966039,71.18087322729937,71.72303771972656,2026700,0.0,0.0,0.006501604469989486,1.4520966965505349,73.9794147491455,77.87058397345977,70.08824552483124,72.86650085717997,74.22683859508118,75.54527611216933,76.99186159537204,82.40853881835938
2020-12-14,72.89606982017006,74.54227488169391,72.56091907225557,73.61566925048828,3183300,0.0,0.0,0.026388055929220222,1.4904147053937462,73.93407020568847,77.81994050010645,70.04819991127049,72.6545721230225,73.26079830730083,75.54527611216933,76.99186159537204,83.41401672363281
2020-12-15,74.17756018230814,74.99573308296574,72.52150272392312,72.81723022460938,2961100,0.0,0.0,-0.010846047234347567,1.4742495971002794,73.84091720581054,77.74021294822876,69.94162146339232,72.78272099396114,73.26079830730083,75.54527611216933,76.99186159537204,85.4347915649414
2020-12-16,73.01437349780576,73.77339635079001,72.11734648973348,73.23123931884766,3727900,0.0,0.0,0.005685592447848498,1.4826315794757965,73.77092971801758,77.6611283837295,69.88073105230566,72.78272099396114,73.26079830730083,75.54527611216933,76.99186159537204,84.7842025756836
2020-12-17,75.89275583885272,80.63421004646993,75.89275583885272,78.8105697631836,6629200,0.0,0.0,0.07618784682918744,1.5955900871570148,73.94195709228515,78.37146430357186,69.51244988099845,75.42452725751528,75.29637838657666,75.54527611216933,76.99186159537204,83.82803344726562
2020-12-18,79.68787384033203,81.37350973164514,78.65284283413945,79.68787384033203,6452500,0.0,0.0,0.011131807317021458,1.6133518885641962,74.16572151184081,79.24184443027659,69.08959859340504,75.7941771001029,75.66602822916427,75.54527611216933,76.99186159537204,83.35346984863281
2020-12-21,78.49512365062711,79.6090238900042,77.02636099095315,78.37683868408203,2937000,0.0,0.0,-0.016452128699993684,1.58680881565516,74.35054893493653,79.75063004282421,68.95046782704884,75.7941771001029,75.66602822916427,75.61427741462725,76.99186159537204,82.20662689208984
2020-12-22,78.38669409547103,79.51045397022955,77.77553502048005,79.19500732421875,2182800,0.0,0.0,0.01043890840551187,1.603373367538843,74.454545211792,80.13935122623171,68.76973919735228,75.7941771001029,75.66602822916427,75.61427741462725,76.99186159537204,83.25460052490234
2020-12-23,78.98799041804739,79.3724315650397,77.05592509656626,77.45022583007812,1982800,0.0,0.0,-0.02203145820793495,1.568048714200195,74.55509147644042,80.3769928601661,68.73319009271475,76.27719147947226,75.66602822916427,75.61427741462725,76.99186159537204,84.08507537841797
2020-12-24,77.46994891955895,79.35273162772462,76.7207856880124,79.28372955322266,955500,0.0,0.0,0.02367331668169892,1.605169627983787,74.72217597961426,80.87958354411272,68.56476841511581,76.74542811068932,75.66602822916427,75.6093500952266,76.99186159537204,84.47064971923828
2020-12-28,79.67801344285344,79.83572921368939,76.86863311885242,77.22349548339844,1561100,0.0,0.0,-0.025985584702359343,1.5634583566541598,74.75322647094727,80.95483382340704,68.5516191184875,76.74542811068932,75.66602822916427,75.06965059071632,76.99186159537204,85.88442993164062
2020-12-29,77.87410412112601,78.21911447069489,76.2279065098534,76.83906555175781,1360200,0.0,0.0,-0.004978147249541043,1.5556752307362098,74.85623703002929,81.12493405019933,68.58754000985925,76.74542811068932,75.66602822916427,74.85525030578592,76.99186159537204,89.92802429199219
2020-12-30,77.18407917197447,78.0712464446836,76.77005925462757,76.91792297363281,1127500,0.0,0.0,0.0010262673199985528,1.5572717693860456,75.0928165435791,81.29671555806549,68.88891752909272,78.63313278524893,75.66602822916427,74.85525030578592,76.99186159537204,94.1396942138672
2020-12-31,76.64191909239133,76.72078074979245,75.01543313163592,75.14358520507812,1607300,0.0,0.0,-0.023067936573936354,1.5213487229814666,75.34073257446289,81.11747894323676,69.56398620568902,78.19447143164052,75.66602822916427,75.56252696798285,76.99186159537204,91.93498992919922
2021-01-04,75.58718204221664,75.90262120614292,71.7230504039539,73.2115249633789,4558400,0.0,0.0,-0.0257115791910425,1.4822324448133373,75.28405227661133,81.12134818836289,69.44675636485978,75.77938980882165,75.66602822916427,75.45655773062452,76.99186159537204,92.6072769165039
2021-01-05,72.4820575315437,73.52694812450969,71.82160810092033,72.65949249267578,2519400,0.0,0.0,-0.007540240023401479,1.4710560564089714,75.27567329406739,81.12767437649617,69.4236722116386,75.77938980882165,75.66602822916427,75.34319666038468,76.99186159537204,93.4871826171875
2021-01-06,71.25973524049019,72.40319919296503,70.50070494730026,72.2454833984375,3348300,0.0,0.0,-0.005697935397498299,1.4626740740334545,75.12583923339844,81.12679079093544,69.12488767586143,75.16821708049483,75.66602822916427,74.77392653184896,76.99186159537204,91.52964782714844
2021-01-07,72.53135308166524,75.06472561015563,72.36377769557976,74.61128234863281,2481100,0.0,0.0,0.03274666925747893,1.5105717781673174,75.28306617736817,81.05003055518857,69.51610179954777,75.16821708049483,75.66602822916427,74.92671554132627,76.99186159537204,87.29821014404297
2021-01-08,74.79856593122797,74.99572007103302,72.018756485599,72.34405517578125,2484800,0.0,0.0,-0.03038718946362018,1.4646697473457495,75.33235321044921,80.97859649130005,69.68610992959837,75.16821708049483,75.66602822916427,74.49298453442623,76.99186159537204,86.26011657714844
2021-01-11,71.61459903093336,75.20272141617045,71.35830242608472,74.7985610961914,3751300,0.0,0.0,0.03392823245042331,1.514363402996799,75.5092945098877,80.84385271568216,70.17473630409323,74.35990970899758,75.7941771001029,73.99518427690452,76.99186159537204,85.39997863769531
2021-01-12,74.92673056268143,75.59703970906364,73.63539517263376,75.49845886230469,2765200,0.0,0.0,0.009357102006457119,1.5285334558334855,75.6980655670166,80.73938490852137,70.65674622551182,74.28597569599194,75.7941771001029,73.99518427690452,76.99186159537204,86.46772766113281
2021-01-13,76.3461952664566,78.49512664848247,75.02529628517838,75.25201416015625,2847700,0.0,0.0,-0.003264234871309224,1.523543963624991,75.7798828125,80.73480865036372,70.8249569746363,74.49791579789137,75.7941771001029,73.99518427690452,76.99186159537204,84.015869140625
2021-01-14,75.50830733448183,75.91246768883585,73.80296723416195,73.94097137451172,1970800,0.0,0.0,-0.017422029167940778,1.4970007362520763,75.83606986999511,80.6783386649042,70.99380107508603,74.49791579789137,75.7941771001029,73.99518427690452,76.99186159537204,84.62882995605469
2021-01-15,73.78325892210948,75.92233093311496,73.63539517263376,75.49845886230469,2252700,0.0,0.0,0.02106393057651723,1.5285334558334853,75.94943084716797,80.64482891109029,71.25403278324566,74.49791579789137,75.7941771001029,73.98286331302691,76.99186159537204,85.2714614868164
2021-01-19,75.90259825551705,77.50936483582589,75.49843795359006,77.12492370605469,2423300,0.0,0.0,0.021543020457097883,1.5614626833418646,75.86514854431152,80.40852542716826,71.32177166145479,74.49791579789137,75.7941771001029,73.98286331302691,76.99186159537204,79.48783111572266
2021-01-20,77.66710174268351,82.74370648741815,77.20379888441002,81.35379791259766,3759100,0.0,0.0,0.054831486416251574,1.6470800032530077,75.94844474792481,80.82190229848263,71.074987197367,77.05100445675143,76.62220571735921,73.72163909783607,76.99186159537204,82.02867889404297
2021-01-21,81.79737981579366,84.5278987159528,81.560794859322,82.40853881835938,2919700,0.0,0.0,0.012964863753440081,1.6684341710861987,76.15002975463867,81.70267489059415,70.59738461868318,77.94310057101876,77.51430183162654,73.54666972613057,76.99186159537204,81.6628646850586
2021-01-22,81.83681356191396,83.45344755474198,80.70320913033885,83.41401672363281,2491100,0.0,0.0,0.012201137402638063,1.688790965654878,76.36098022460938,82.64157500191335,70.0803854473054,77.94310057101876,77.51430183162654,72.95768521516166,76.99186159537204,83.43256378173828
2021-01-25,84.47861464260009,86.32196641663242,84.23217760161157,85.4347915649414,4170200,0.0,0.0,0.024225842618319504,1.729703349804073,76.76020851135254,84.19045402049484,69.32996300221025,79.97868079463309,78.41133568196634,73.02175965063098,76.99186159537204,79.86351776123047
2021-01-26,86.19382276573172,87.69215668154749,83.88716812717037,84.7842025756836,3066800,0.0,0.0,-0.007615035717191132,1.7165315970151698,77.03523216247558,85.19813445350437,68.8723298714468,80.66377592709063,79.09643081442388,73.02175965063098,76.99186159537204,79.50759887695312
2021-01-27,83.7097409479013,86.58812407980469,82.40855353754344,83.82803344726562,2995100,0.0,0.0,-0.011277680267906431,1.6971731024942738,77.36545906066894,86.05535491881596,68.67556320252191,80.66377592709063,79.09643081442388,75.36045282204597,76.99186159537204,85.00453186035156
2021-01-28,83.04698932554378,84.52997127778562,82.55266200812981,83.35346984863281,2638500,0.25,0.0,-0.0056611562876677235,1.6875651403138279,77.6911792755127,86.7619568555053,68.62040169552009,80.66377592709063,79.09643081442388,75.73010266463359,76.99186159537204,87.12025451660156
2021-01-29,82.82947653976728,83.22493986617457,81.02023691286803,82.20662689208984,3132800,0.0,0.0,-0.013758790829291212,1.6643462845374464,77.95561447143555,87.22911656012393,68.68211238274718,81.59529731756876,79.09643081442388,75.73010266463359,76.99186159537204,87.42672729492188
2021-02-01,82.83936741533235,83.77858624071722,80.57534754243528,83.25460052490234,2771200,0.0,0.0,0.01274804322269718,1.6855634429102653,78.36116523742676,87.81691838567477,68.90541208917875,82.44797778297875,79.09643081442388,75.73010266463359,76.99186159537204,90.5607681274414
2021-02-02,84.10484515124833,84.90565295050546,82.65152170605141,84.08507537841797,1949600,0.0,0.0,0.009975122675259573,1.702377145030228,78.90484275817872,88.3641516868001,69.44553382955733,84.13375211199138,79.09643081442388,75.97160985431827,76.99186159537204,89.95768737792969
2021-02-03,84.48053083419533,85.0440636430174,83.36335387434411,84.47064971923828,2079300,0.0,0.0,0.004585526493079417,1.7101834405299772,79.49540061950684,88.7930028588826,70.19779838013108,84.13375211199138,79.09643081442388,76.2057281699268,76.99186159537204,86.91263580322266
2021-02-04,84.78702269519884,86.79399037575067,83.6500683686432,85.88442993164062,2771200,0.0,0.0,0.01673694019285321,1.7388066784929352,80.17734794616699,89.24326244066755,71.11143345166643,84.13375211199138,79.09643081442388,76.2057281699268,76.99186159537204,89.0283432006836
2021-02-05,86.33921069842476,90.175187949636,85.88443047350046,89.92802429199219,3964500,0.0,0.0,0.047081809398630714,1.8206728431108057,80.94318504333496,90.57533698432502,71.31103310234491,85.37526774603563,80.33794644846813,76.2057281699268,76.99186159537204,87.70355224609375
2021-02-08,90.274051025385,94.5153802544078,90.274051025385,94.1396942138672,4117400,0.0,0.0,0.04683378685380557,1.9059418469755693,82.03296699523926,92.43661069068077,71.62932329979776,87.54536389842154,82.50804260085403,77.1495805072066,76.99186159537204,99.80467987060548
2021-02-09,94.12980436684607,94.63402032915752,91.64827918760396,91.93498992919922,2507300,0.0,0.0,-0.02341949698348622,1.8613056476396248,82.88978843688965,93.590716280807,72.18886059297229,87.6046839357964,82.5673626382289,76.9302498304024,76.08497307273129,93.56626892089844
2021-02-10,92.43920744052907,93.77388967575558,90.00711796808973,92.6072769165039,2857100,0.0,0.0,0.007312634589098588,1.874916695699439,83.7452293395996,94.68128887399666,72.80916980520254,87.6046839357964,82.5673626382289,75.72270901899296,75.77446379686121,94.04083251953124
2021-02-11,93.11149656027636,94.06060413260698,92.35023578781951,93.4871826171875,1366300,0.0,0.0,0.009501474721872238,1.8927311692892435,84.65698776245117,95.64970482533192,73.66427069957041,87.6046839357964,82.5673626382289,75.72270901899296,75.27666127471622,95.90939331054688
2021-02-12,92.74568880299536,93.1905879140027,91.29236528414334,91.52964782714844,1762100,0.0,0.0,-0.020939071381098295,1.8530991362302665,85.536421585083,95.73663866480786,75.33620450535815,88.64277101760447,82.99616137762112,75.41712265482954,74.89714600670683,94.15946197509766
2021-02-16,91.4802151629404,91.4802151629404,86.97195229353707,87.29821014404297,3802100,0.0,0.0,-0.046230241059120436,1.7674299164558933,86.12640914916992,95.2308953165082,77.02192298183164,88.99868710175082,82.99616137762112,75.41712265482954,74.89714600670683,93.57616424560548
2021-02-17,86.86319650564194,87.49593486621933,84.64861224362105,86.26011657714844,2766000,0.0,0.0,-0.011891349950722496,1.74641278880594,86.5831687927246,94.68680228881941,78.4795352966298,89.14204434890036,82.99616137762112,75.41712265482954,74.89714600670683,98.01522064208984
2021-02-18,86.14146956169203,86.70500236221612,84.99463418818502,85.39997863769531,1725300,0.0,0.0,-0.009971444203693447,1.728998531125745,86.7854778289795,94.54803428336578,79.02292137459321,89.64131628638928,84.13470775089564,75.07704340455024,74.89714600670683,101.6831283569336
2021-02-19,85.85475911320464,87.03126046349868,85.7361253923923,86.46772766113281,1687700,0.0,0.0,0.012502919092841625,1.7506160598720522,86.98843727111816,94.48761447872123,79.48926006351509,89.64131628638928,84.13470775089564,75.04007639804742,74.89714600670683,98.5194320678711
2021-02-22,85.83498993889259,86.467728263754,83.87745056065299,84.015869140625,1892000,0.0,0.0,-0.028355764478010248,1.700976003186898,87.01852989196777,94.46415313333868,79.57290665059686,89.25573544490526,84.13470775089564,75.14604644899714,74.89714600670683,100.6252670288086
2021-02-23,83.52154166150258,84.85622382673495,81.16853894990776,84.62882995605469,1961100,0.0,0.0,0.007295774259071353,1.713385940126247,86.97823181152344,94.46677225638396,79.48969136666292,87.61457154125736,84.13470775089564,75.14604644899714,74.89714600670683,100.08151245117188
2021-02-24,84.01587343072804,85.49885536962918,81.12899619044494,85.2714614868164,2632300,0.0,0.0,0.00759352966471849,1.7263965870897073,87.00259475708008,94.4652709787839,79.53991853537624,87.59480016152597,85.06622914137378,75.14604644899714,75.03514861162269,102.2565460205078
2021-02-25,84.54973782547972,84.72769595467187,79.27032589750604,79.48783111572266,4979600,0.0,0.0,-0.06782609644831694,1.6093018456657155,86.78558464050293,94.84048658429916,78.73068269670671,86.23045690575438,85.91890960678377,75.14604644899714,75.03514861162269,103.58133697509766
2021-02-26,80.81263033528599,83.02722221929574,79.41863117766539,82.02867889404297,3728600,0.0,0.0,0.03196524225980224,1.660743569031567,86.71934509277344,94.90819138379887,78.53049880174801,85.37527053022322,86.95217311333178,76.83660508705532,75.72024698950919,103.76919555664062
2021-03-01,83.0173241400105,84.38166470966478,81.4651367913124,81.6628646850586,2507300,0.0,0.0,-0.004459589181692203,1.653337334977549,86.69215698242188,94.94480993679117,78.43950402805258,83.38313038186268,86.95217311333178,77.72870120132265,76.61234310377651,102.21698760986328
2021-03-02,82.0583344468386,83.7785913943324,80.81262749866353,83.43256378173828,3125500,0.0,0.0,0.021670793738435723,1.6891664673439026,86.70105514526367,94.9390756465305,78.46303464399683,83.15079318050236,86.95217311333178,77.72870120132265,76.61234310377651,101.11959075927734
2021-03-03,82.96789261657784,83.03709813719377,79.7448840360809,79.86351776123047,3257600,0.0,0.0,-0.0427776141440952,1.6169079559787207,86.4899772644043,95.19364933583515,77.78630519297346,83.15079318050236,86.95217311333178,79.19500823829972,77.50937695411633,104.32284545898438
2021-03-04,79.73499274738087,83.18539509197036,76.97664558611795,79.50759887695312,3368500,0.0,0.0,-0.004456589119220089,1.6097020615753255,86.24182472229003,95.43627380045501,77.04737564412505,81.72218692493598,85.80533295763775,79.88010337075725,78.19447208657385,103.67031860351562
2021-03-05,80.44683322742556,85.46919321935034,78.49918232033025,85.00453186035156,4249300,0.0,0.0,0.0691372027459356,1.7209923593670093,86.19782981872558,95.40726908469375,76.98839055275741,81.23775047787356,85.80533295763775,79.88010337075725,78.82535170411543,102.56302642822266
2021-03-08,85.4197672328295,88.4252784134532,85.12316780693001,87.12025451660156,2104500,0.0,0.0,0.024889527769246245,1.7638270464861352,86.05744132995605,95.11794760656795,76.99693505334415,82.70096199978558,85.80533295763775,79.88010337075725,78.82535170411543,101.8709716796875
2021-03-09,88.14844847767387,89.10743711153678,86.55671395522555,87.42672729492188,2504000,0.0,0.0,0.003517813165501149,1.7700318604919312,85.72179298400879,94.0168945785936,77.42669138942398,83.04204134882737,85.80533295763775,80.34586406599632,78.82535170411543,101.75233459472656
2021-03-10,88.61311718059913,91.7965864903782,87.85185638787821,90.5607681274414,2983300,0.0,0.0,0.03584762840255107,1.833483304887522,85.6530818939209,93.75979131744647,77.54637247039533,84.38661603824808,85.80533295763775,80.77220429870133,78.82535170411543,104.67874908447266
2021-03-11,90.7782725740401,91.45055805932482,88.71198790980179,89.95768737792969,2297700,0.0,0.0,-0.006659404088346865,1.8212733986710383,85.52060241699219,93.24175590945374,77.79944892453064,84.38661603824808,85.80533295763775,81.61509146320763,78.82535170411543,102.82007598876952
2021-03-12,87.7233323322427,88.2670878759352,85.79545119686965,86.91263580322266,3355500,0.0,0.0,-0.03384982054856722,1.7596236209561444,85.19187507629394,92.02845233835413,78.35529781423375,84.38661603824808,85.80533295763775,81.61509146320763,78.82535170411543,99.20278930664062
2021-03-15,87.46626723726585,89.09754871588133,86.2007906491729,89.0283432006836,1993600,0.0,0.0,0.024342920657142164,1.8024579991475131,85.0668098449707,91.51119062893684,78.62242906100457,84.38661603824808,85.80533295763775,81.61509146320763,78.82535170411543,101.06595611572266
2021-03-16,89.67097286852588,90.87713273668624,87.5453714259022,87.70355224609375,4005000,0.0,0.0,-0.014880552720200169,1.775636427865252,85.08707695007324,91.56221059554031,78.61194330460617,84.38661603824808,85.80533295763775,82.85660709725188,80.0668673381597,99.8469696044922
2021-03-17,87.49593299222367,100.39787867092328,86.30955047726016,99.80467987060548,10218300,0.0,0.0,0.13797762250902101,2.0206345206225103,85.7643051147461,94.90707971585474,76.62153051363745,89.44853049562676,88.68726212852062,85.02670324963779,82.2369634905456,100.947021484375
2021-03-18,99.55751326667334,99.80467691186652,93.27955818733406,93.56626892089844,4503300,0.0,0.0,-0.06250619668130797,1.8943323418554392,86.17261962890625,95.9294997121583,76.41573954565419,92.76052323892665,88.68726212852062,85.08602328701265,82.29628352792045,102.8795394897461
2021-03-19,93.46741101532304,95.04925693827992,91.9547706157819,94.04083251953124,3456700,0.0,0.0,0.005071951720485801,1.9039403040358849,86.55127487182617,96.9009900989615,76.20155964469083,93.09666493389646,88.68726212852062,85.08602328701265,82.29628352792045,102.50294494628906
2021-03-22,94.94050839831064,96.53224304801805,94.1100420816824,95.90939331054688,2449900,0.0,0.0,0.019869675128913356,1.9417709793419224,87.14595108032226,98.19554145083242,76.0963607098121,93.09666493389646,88.68726212852062,85.08602328701265,82.29628352792045,102.29483032226562
2021-03-23,96.50257609209788,96.83871503547624,93.51683497664584,94.15946197509766,1650800,0.0,0.0,-0.018245672035304028,1.9063420628851786,87.62248268127442,99.01720460883365,76.22776075371519,93.09666493389646,88.68726212852062,85.8194661976128,82.29628352792045,104.09851837158205
2021-03-24,94.53516046413311,96.39382849298704,93.5366171544167,93.57616424560548,2509900,0.0,0.0,-0.006194786134679053,1.8945326815060621,88.03771781921387,99.66491732527615,76.41051831315158,93.09666493389646,88.68726212852062,85.99742423968597,82.29628352792045,102.67142486572266
2021-03-25,93.1213831794452,98.6973947590394,92.40955063007804,98.01522064208984,3469300,0.0,0.0,0.04743789652280839,1.9844053268104254,88.96408729553222,100.67175401016914,77.25642058089531,93.29933466004809,88.68726212852062,86.06910286326074,82.29628352792045,104.99046325683594
2021-03-26,98.361248158484,102.61246613353444,97.58021008665676,101.6831283569336,2721900,0.0,0.0,0.03742181766072239,2.0586653811152913,89.94680976867676,102.44272535404866,77.45089418330485,94.4610083053973,89.7945558598262,86.88801201864246,82.42443239885908,106.04094696044922
2021-03-29,102.10824553840372,103.3440637842555,98.153627151678,98.5194320678711,2893200,0.0,0.0,-0.031113286345372138,1.9946135356233465,90.78963813781738,103.20975234832795,78.3695239273068,94.82680713075783,90.16035468518672,86.88801201864246,82.42443239885908,104.61384582519533
2021-03-30,98.22283597633214,101.65346874909032,97.38248104944728,100.6252670288086,1943200,0.0,0.0,0.02137481831489607,2.0372480375557283,91.6492733001709,104.29391240171523,79.00463419862658,97.64941720001869,90.16035468518672,86.69522159790046,82.42443239885908,104.75259399414062
2021-03-31,101.39641738883252,101.44585313793009,99.76514326832202,100.08151245117188,1804800,0.0,0.0,-0.005403757860151015,2.026239242459709,92.66017303466796,104.57846783793975,80.74187823139617,97.64941720001869,90.16035468518672,85.8746396460765,82.42443239885908,107.08154296875
2021-04-01,101.15913880635036,102.38506840364089,99.59706272133612,102.2565460205078,1780900,0.0,0.0,0.021732620901358635,2.070274731771542,93.7976203918457,104.77290427311083,82.82233651058057,97.87680720716676,90.16035468518672,86.33051465144987,82.42443239885908,106.99234771728516
2021-04-05,102.99803439375538,103.71975555563624,101.41618857512664,103.58133697509766,1772900,0.0,0.0,0.012955561342001154,2.097096303053803,94.72646064758301,105.71231215598833,83.74060913917769,98.06465309285714,90.3482005708771,86.07468325626908,82.42443239885908,102.52276611328124
2021-04-06,103.02770453771592,105.03467235541824,102.61247137739892,103.76919555664062,1594900,0.0,0.0,0.0018136334887060013,2.100899667138063,95.55890769958496,106.63692276604152,84.4808926331284,98.72211149274814,91.0056589707681,86.1637218217775,82.5673626382289,95.26838684082033
2021-04-07,104.0459969166032,104.3030491972348,101.90061847325332,102.21698760986328,1847900,0.0,0.0,-0.014958272909903148,2.0694738365606873,96.29842071533203,107.0735193510271,85.52332207963696,98.72211149274814,91.0056589707681,85.16765174759723,82.5673626382289,97.82525634765624
2021-04-08,102.6717781715532,103.29463539375377,100.8625384526099,101.11959075927734,1692800,0.0,0.0,-0.010735953741607296,2.0472560611819053,96.82636184692383,107.4574048513349,86.19531884251276,101.20857670243277,91.0056589707681,85.05148314691706,82.5673626382289,98.81629180908205
2021-04-09,100.46709798459648,104.52058093384856,99.92333485726634,104.32284545898438,1888400,0.0,0.0,0.03167788433136187,2.1121088018847054,97.54461975097657,108.1632999140186,86.92593958793454,101.20857670243277,91.0056589707681,85.05148314691706,82.5673626382289,97.21080780029295
2021-04-12,104.55022056560546,104.77761443509232,102.49381725389264,103.67031860351562,1992700,0.0,0.0,-0.006254879768643806,2.098897815270622,98.38250389099122,108.11128128382192,88.65372649816051,101.20857670243277,91.76692733787425,83.76375994128686,82.5673626382289,94.6935806274414
2021-04-13,102.8101900790329,103.69009207249049,100.98118057160434,102.56302642822266,2075400,0.0,0.0,-0.0106808987394722,2.076479700241217,99.05923805236816,107.92711002915601,90.1913660755803,102.31586753837718,95.07892008117412,83.52154171775565,82.5673626382289,93.99984741210938
2021-04-14,101.91051876913473,103.16610680203058,101.61391936969862,101.8709716796875,1525700,0.0,0.0,-0.00674760459627699,2.0624684362717933,99.76760902404786,106.98812460440581,92.5470934436899,102.31586753837718,95.41506177614394,84.25314747871167,82.5673626382289,94.4359130859375
2021-04-15,103.09690551986752,103.40338604713882,101.44585406745529,101.75233459472656,2275400,0.0,0.0,-0.001164581852953872,2.0600665229586212,99.8649917602539,107.13779522779343,92.59218829271437,102.47900360634229,95.41506177614394,84.42368715323255,82.5673626382289,93.74217987060548
2021-04-16,102.10824856546412,105.19285371397608,102.10824856546412,104.67874908447266,2574200,0.0,0.0,0.028760170480626623,2.119314387360343,100.42061576843261,107.3710704031321,93.47016113373313,102.55809428562121,95.49415245542286,85.0959744979429,82.5673626382289,94.17823791503906
2021-04-19,104.77761536971116,104.95557349525131,101.81165163926588,102.82007598876952,2326800,0.0,0.0,-0.017755973509038014,2.08168389724105,100.85957794189453,107.22073163611128,94.49842424767778,102.55809428562121,95.49415245542286,85.0959744979429,82.5673626382289,95.8729019165039
2021-04-20,102.82007539915034,103.03810472060192,97.49820467821338,99.20278930664062,2357100,0.25,0.0,-0.03518074313156494,2.0084487107710975,101.02424774169921,107.02050548291375,95.02799000048468,101.34552919609473,95.69682218157449,85.0959744979429,82.5673626382289,97.92435455322266
2021-04-21,99.34154629983222,101.56147461341276,99.1136120250616,101.06595611572266,1395000,0.0,0.0,0.018781395383177024,2.0461701801149217,101.36957244873047,106.46319629253061,96.27594860493032,101.34552919609473,95.75120209561811,85.0959744979429,82.5673626382289,98.06309509277344
2021-04-22,100.13437121836746,100.5506049097682,98.55861858519086,99.8469696044922,2247400,0.0,0.0,-0.012061296979515967,2.021490713901926,101.6831127166748,105.38929457991728,97.97693085343232,101.34552919609473,95.75120209561811,85.0959744979429,82.5673626382289,98.12257385253906
2021-04-23,100.36230576864244,101.5812845096028,99.31180905079856,100.947021484375,1641300,0.0,0.0,0.011017378737083972,2.043762242710482,101.82970275878907,105.15209624225032,98.50730927532781,101.34552919609473,98.57381216487899,89.06789631207369,85.44929180911177,97.61713409423828
2021-04-26,101.44253899070944,103.1173937927268,100.9569330205608,102.8795394897461,1801400,0.0,0.0,0.01914388336529793,2.0828877887113313,101.88952331542968,105.24248148531133,98.53656514554804,101.34552919609473,98.57381216487899,90.72389268372363,85.44929180911177,95.48640441894533
2021-04-27,103.71201115136653,104.52466109167918,102.17590096078229,102.50294494628906,1498500,0.0,0.0,-0.0036605387750064944,2.075263297196766,102.08869895935058,105.06554606246495,99.11185185623621,101.34552919609473,98.80120217202706,90.89196353120855,85.44929180911177,94.11878204345705
2021-04-28,102.16599068584732,102.96873571864624,101.521822747802,102.29483032226562,1167600,0.0,0.0,-0.0020303282421054725,2.0710498315146624,102.17217712402343,105.07200720775475,99.27234704029212,101.34552919609473,98.80120217202706,90.89196353120855,85.44929180911177,95.73416900634766
2021-04-29,103.16694125273992,104.78233626188204,102.5921380278794,104.09851837158205,1583400,0.0,0.0,0.01763225026752724,2.107567100460449,102.37302742004394,105.22125875975607,99.52479608033181,101.22688908673234,98.80120217202706,90.89196353120855,85.87809054850399,94.90169525146484
2021-04-30,103.7219291574095,103.94986341809738,101.37316890151013,102.67142486572266,2750300,0.0,0.0,-0.01370906645150649,2.0786743230292277,102.39377136230469,105.2443750785543,99.54316764605508,101.14027047004771,98.80120217202706,90.89196353120855,85.87809054850399,95.02062225341795
2021-05-03,103.87058659651032,105.69409862660044,103.34533819098272,104.99046325683594,1818100,0.0,0.0,0.022586989458325046,2.12562531805078,102.4642276763916,105.49474619747649,99.43370915530672,102.12635860589565,101.53828983802386,90.99329839428435,85.87809054850399,93.0583724975586
2021-05-04,104.55439162922798,106.47700561046445,103.22640582928912,106.04094696044922,1834400,0.0,0.0,0.010005515463280767,2.146893295039678,102.57781524658203,105.95037304991443,99.20525744324964,102.51781209782766,101.92974332995587,92.12778208261176,88.1239306530841,90.32310485839844
2021-05-05,106.34816028548572,106.48690483742809,103.7516486182694,104.61384582519533,1556300,0.0,0.0,-0.013458019530758869,2.1180003631445787,102.69765815734863,106.18017218302924,99.21514413166801,102.89935694411332,101.93469294343768,92.49358090797227,88.48972947844463,91.90876770019533
2021-05-06,105.04990807914648,105.64452868814696,103.4840680120033,104.75259399414062,1356100,0.0,0.0,0.0013262887703902049,2.1208094432418996,102.87930831909179,106.39281909949864,99.36579753868494,103.72191892899444,101.99255475782073,93.9048859426027,88.48972947844463,91.2150421142578
2021-05-07,104.89134470675796,107.25992991802046,103.57327134043848,107.08154296875,1372000,0.0,0.0,0.022232852531934855,2.1679610868418315,103.01724319458008,106.94368141023443,99.09080497892572,104.31654940976529,102.37906729811692,93.9048859426027,88.48972947844463,91.72047424316406
2021-05-10,106.7842308660741,109.61859713477844,106.1697852379663,106.99234771728516,1634700,0.0,0.0,-0.0008329656913038663,2.1661552496364105,103.18334465026855,107.47449867794957,98.89219062258753,105.49588301814428,103.5584009064959,94.01858094617674,89.42125086892278,90.52130889892578
2021-05-11,105.0994681481513,105.72381868434798,101.15513788879782,102.52276611328124,2256000,0.0,0.0,-0.04177477828427756,2.0756645943535257,103.18133163452148,107.47369849604834,98.88896477299463,105.38686751178813,103.5584009064959,94.20642683186712,90.3482005708771,93.80164337158205
2021-05-12,101.58129543519654,102.23538350338234,94.77286832650228,95.26838684082033,4565900,0.0,0.0,-0.07075871581971627,1.9287932331846178,102.85120239257813,108.355433839822,97.34697094533426,102.19573273064036,102.19573273064036,94.86388523175812,91.0056589707681,97.29009246826172
2021-05-13,95.84318244926747,98.5090742621242,95.40712377209816,97.82525634765624,3763600,0.0,0.0,0.026838593489654228,1.9805593306956557,102.65484848022462,108.57125307420553,96.7384438862437,102.19573273064036,102.19573273064036,94.86388523175812,91.0056589707681,96.72520446777344
2021-05-14,98.87575160561468,99.65867169101207,97.84507984766066,98.81629180908205,2253300,0.0,0.0,0.010130670732963143,2.0006237251420314,102.36172561645508,108.42863240134159,96.29481883156856,102.19573273064036,102.19573273064036,96.10711783660042,91.0056589707681,97.61713409423828
2021-05-17,98.52888871781413,98.85593271587788,95.65488013918528,97.21080780029295,2422100,0.0,0.0,-0.016247159040241765,1.968119273299968,102.08126220703124,108.54742640766939,95.6150980063931,102.19573273064036,102.19573273064036,96.10711783660042,91.0056589707681,96.11076354980467
2021-05-18,97.21080774781409,97.45856697754468,94.52509860485574,94.6935806274414,2884500,0.0,0.0,-0.02589451965076628,1.91715577010245,101.85580177307129,108.99481613910491,94.71678740703767,102.07184786981709,102.07184786981709,96.48775202015351,91.0056589707681,96.39815521240234
2021-05-19,93.14755508266433,94.9016946104104,91.61145244127768,93.99984741210938,3870900,0.0,0.0,-0.007326084944040967,1.9031105240797213,101.50249633789062,109.42795868538548,93.57703399039576,100.61502478802805,100.61502478802805,98.69739380977565,91.0056589707681,96.2197723388672
2021-05-20,94.01967937623344,95.52605223273896,93.61335059222807,94.4359130859375,1921300,0.0,0.0,0.0046390040604677996,1.9119390615284462,101.2319435119629,109.72072745332494,92.74315957060085,100.61502478802805,100.61502478802805,98.86546465726056,91.0056589707681,97.52794647216795
2021-05-21,95.20891785840676,95.91255317357104,93.54397550839448,93.74217987060548,1586400,0.0,0.0,-0.0073460741010754615,1.8978938155057175,100.87170143127442,109.97446983389553,91.76893302865331,98.66763556281282,100.61502478802805,98.94703269124312,91.0056589707681,98.3306884765625
2021-05-24,94.4854569427287,94.80259601777828,93.70254442448812,94.17823791503906,1404400,0.0,0.0,0.0046516738253310486,1.9067221984905631,100.43663635253907,109.94129061834718,90.93198208673095,96.92341797233001,100.61502478802805,99.02612337052204,91.08474965004702,98.4595184326172
2021-05-25,94.7728504177086,97.3891870740296,94.7728504177086,95.8729019165039,2346500,0.0,0.0,0.017994220734875555,1.9410321786102895,100.10513420104981,109.76132016522443,90.44894823687518,95.63506206614488,100.61502478802805,99.02612337052204,91.08474965004702,101.1221923828125
2021-05-26,96.13058016755792,98.53880015873204,95.95219322150754,97.92435455322266,2776900,0.0,0.0,0.021397627439141864,1.9825656620155785,99.88661041259766,109.53238392013562,90.24083690505971,95.63506206614488,100.61502478802805,98.5211756888346,91.08474965004702,100.7347183227539
2021-05-27,98.61808088050284,99.25234387132676,97.7757010546596,98.06309509277344,2210900,0.0,0.0,0.0014168134187229064,1.9853745876490214,99.58483924865723,109.0589166290022,90.11076186831227,95.43189815630222,100.61502478802805,98.54836564585642,91.08474965004702,99.18479919433594
2021-05-28,98.94512880246748,99.16315814859746,97.14144179495412,98.12257385253906,1465700,0.0,0.0,0.0006065356157620716,1.9865787880470596,99.35739669799804,108.74116037893052,89.97363301706557,95.43189815630222,100.61502478802805,98.54836564585642,91.08474965004702,101.47987365722656
2021-06-01,99.1928791269816,99.86678451758532,96.71528689108725,97.61713409423828,1808700,0.0,0.0,-0.0051511057899925605,1.976345710549674,98.98873023986816,108.02764500114912,89.9498154785872,95.7391184794315,100.61502478802805,99.95967068048685,91.08474965004702,97.83358764648438
2021-06-02,97.83516460906536,97.83516460906536,95.30801747335376,95.48640441894533,2590000,0.0,0.0,-0.021827414777778387,1.9332071929812231,98.46100311279298,107.0050227895149,89.91698343607106,96.7053800129899,100.61502478802805,99.95967068048685,91.08474965004702,98.29061126708984
2021-06-03,94.47555595675254,94.98097936641116,93.06828527709357,94.11878204345705,2584200,0.0,0.0,-0.01432269215508264,1.9055184614841616,97.93624992370606,106.18516663285637,89.68733321455575,96.46753489733945,100.61502478802805,100.07336568406089,91.08474965004702,98.04222869873048
2021-06-04,94.68367224626834,95.94228586102308,93.49442335539348,95.73416900634766,2275100,0.0,0.0,0.01716327950509111,1.9382234074407254,97.4853286743164,105.15400617643989,89.81665117219292,96.46753489733945,100.61502478802805,100.07336568406089,91.08474965004702,95.18084716796876
2021-06-07,95.83326479195615,95.95219194140697,93.65298664577136,94.90169525146484,1795000,0.0,0.0,-0.008695680586391474,1.9213692357845535,96.87633628845215,103.20400934679667,90.54866323010764,96.46753489733945,100.61502478802805,100.0140456293797,91.08474965004702,95.7074203491211
2021-06-08,95.27829398349256,95.76389998320036,94.64403092562588,95.02062225341795,1443900,0.0,0.0,0.0012531599318430509,1.9237770187251146,96.27775001525879,100.59005967564258,91.965440354875,96.46753489733945,100.61502478802805,99.97073632103738,91.08474965004702,96.23399353027344
2021-06-09,95.48641003666948,95.7242567911142,92.7115110721159,93.0583724975586,1765800,0.0,0.0,-0.020650777792488917,1.8840495269891255,95.80453033447267,99.25425449240092,92.35480617654443,96.2891477948506,100.61502478802805,101.83232422195975,91.33537210635919,95.33981323242188
2021-06-10,92.78087976247568,92.78087976247568,89.71857172847251,90.32310485839844,3418700,0.0,0.0,-0.02939303112389935,1.8286716006033663,95.55726623535156,99.76086374907851,91.35366872162462,94.7926781230289,99.66858443162548,102.22377771389176,91.7268255982912,95.53852081298828
2021-06-11,90.66997147125852,91.9781399865753,90.65015405844088,91.90876770019533,1931900,0.0,0.0,0.01755545100318212,1.8607747552886693,95.26144180297852,99.61664411203932,90.90623949391772,94.7926781230289,99.66858443162548,102.4170249437755,91.73177521177303,97.86339569091795
2021-06-14,91.8195752608188,92.89980191092856,90.27355247175552,91.2150421142578,3143600,0.0,0.0,-0.00754798049518457,1.8467296637298185,94.88137931823731,99.25620857326385,90.50655006321077,93.77686816876894,99.66858443162548,102.85723684340758,91.73177521177303,99.94981384277344
2021-06-15,91.21504327333552,92.20608023950255,90.24382371964651,91.72047424316406,2345200,0.0,0.0,0.005541105032579541,1.8569625867633257,94.60686264038087,99.0517929362645,90.16193234449723,92.83538183493974,99.66858443162548,103.3478083539411,92.11828775206921,99.4629898071289
2021-06-16,92.12679143581995,92.27544848644172,90.10507520599415,90.52130889892578,3646700,0.0,0.0,-0.013074129349343822,1.8326844177070898,94.39824905395508,99.18936548689823,89.60713262101194,92.83538183493974,97.72119520641024,104.52714196232009,93.2976213604482,102.1952133178711
2021-06-17,90.82853269458109,95.52604544715938,90.82853269458109,93.80164337158205,6416000,0.0,0.0,0.036238257185598366,1.8990977069759978,94.38833885192872,99.1835733837576,89.59310432009984,92.83538183493974,95.97697761592742,104.47263420914202,93.2976213604482,100.6552276611328
2021-06-18,95.38730339950656,98.8658451003017,94.41608389259372,97.29009246826172,7600200,0.0,0.0,0.037189637316487945,1.9697244619270091,94.53104782104494,99.49229080525872,89.56980483683115,94.2922084143871,94.7926781230289,102.19573273064036,93.2976213604482,101.7282485961914
2021-06-21,97.6765990291075,98.58835876627138,95.88282457543708,96.72520446777344,3765900,0.0,0.0,-0.005806223287048051,1.9582878018871004,94.68019905090333,99.71721740435784,89.64318069744881,94.2922084143871,94.7926781230289,102.19573273064036,93.2976213604482,100.24788665771484
2021-06-22,96.85403901242786,97.83516342075882,96.13057875270168,97.61713409423828,2531500,0.0,0.0,0.009221274138138558,1.976345710549674,94.85214385986328,100.04300674637636,89.66128097335019,94.2922084143871,94.7926781230289,102.19573273064036,93.2976213604482,105.7818832397461
2021-06-23,97.79552328451564,97.894625464026,94.44582122659116,96.11076354980467,2761800,0.0,0.0,-0.015431415380207536,1.9458478989552905,94.86403694152833,100.06539329493702,89.66268058811963,94.48546015314793,94.7926781230289,102.19573273064036,93.2976213604482,104.4704132080078
2021-06-24,96.11076116725022,96.55672474449734,95.05035199465216,96.39815521240234,2631200,0.0,0.0,0.0029902130831449547,1.9516663988005567,94.7877269744873,99.84863622364306,89.72681772533154,94.48546015314793,94.7926781230289,102.07184786981709,94.05888972755434,105.1658935546875
2021-06-25,96.48735654534195,97.06215978198014,95.38730494319404,96.2197723388672,3081500,0.0,0.0,-0.0018504801584853237,1.9480548788535939,94.695560836792,99.57654402751805,89.81457764606594,94.48546015314793,94.7926781230289,100.61502478802805,97.37088247085423,106.5965805053711
2021-06-28,96.75493132691912,97.96399757344876,96.38825250727471,97.52794647216795,1745200,0.0,0.0,0.013595689342244643,1.9745400278081313,94.66582946777343,99.46873183779509,89.86292709775178,94.48546015314793,94.7926781230289,100.61502478802805,97.70702416582404,104.758544921875
2021-06-29,97.36938141466598,100.48123686721048,97.17117704687806,98.3306884765625,2488300,0.0,0.0,0.008230892102538245,1.990792253729163,94.70150718688964,99.60224782866776,89.80076654511153,95.65488478089578,95.0999042978415,99.64133017542044,97.70702416582404,104.76847839355467
2021-06-30,98.4297885341924,99.28208090709091,97.81534290970389,98.4595184326172,2212900,0.0,0.0,0.0013101703857734126,1.993400530784226,94.85016288757325,100.01337761968391,89.68694815546259,97.4486603799021,95.0999042978415,98.76922138017903,97.70702416582404,103.37752532958984
2021-07-01,98.80724940542916,101.56928857085236,98.20119124259342,101.1221923828125,2717100,0.25,0.0,0.027043337125577604,2.0473087333645292,95.20033340454101,101.03202146886406,89.36864534021797,98.00755489872176,95.64393014966244,98.12504342708647,97.70702416582404,103.10926818847656
2021-07-02,101.41032380271864,101.72825534740288,100.25782479577052,100.7347183227539,1882900,0.0,0.0,-0.0038317410939010532,2.0394639763589937,95.45036087036132,101.76630251354305,89.13441922717959,98.08703828699703,95.72341353793769,98.12504342708647,97.90969389197568,105.03672790527344
2021-07-06,100.16839868867407,100.44658783211634,98.1018399372664,99.18479919433594,3364600,0.0,0.0,-0.015386146447067373,2.0080844849452157,95.66451606750488,102.18099788206149,89.14803425294826,98.08703828699703,95.72341353793769,98.02346147216514,97.9640738060193,108.13656616210938
2021-07-07,99.15500059920323,102.1256742555951,99.15500059920323,101.47987365722656,2784000,0.0,0.0,0.02313937701677271,2.054550308923895,95.98747863769532,102.97293797385757,89.00201930153307,98.58801312512364,95.9221229920338,98.02346147216514,97.9640738060193,106.70587158203124
2021-07-08,98.36016103314104,99.7014344403031,96.9095979517575,97.83358764648438,4466600,0.0,0.0,-0.03593112485593375,1.9807280052511531,96.2262393951416,103.11974991046634,89.33272887981687,98.75648959939457,95.9221229920338,98.17707163372978,100.61502478802805,107.47089385986328
2021-07-09,98.7178324609682,99.50272756507428,97.8633900732115,98.29061126708984,2063500,0.0,0.0,0.004671438834042307,1.9899808549745586,96.62461471557617,103.00385346671032,90.24537596444202,99.2569633814349,95.9221229920338,98.66020240050898,100.61502478802805,108.05709075927734
2021-07-12,97.34675585037483,98.41977001925414,96.8499873643821,98.04222869873048,1732200,0.0,0.0,-0.0025270223183821994,1.9849521289408845,96.93128776550293,102.9499393090856,90.91263622192027,99.4878308099886,95.9221229920338,98.54127984268375,100.61502478802805,103.8941650390625
2021-07-13,97.58520487702545,97.58520487702545,95.04175259505378,95.18084716796876,2276700,0.0,0.0,-0.02918519467314773,1.9270209146408657,97.12957801818848,102.61392398695453,91.64523204942243,98.58371342532445,95.9221229920338,98.54127984268375,100.61502478802805,103.33778381347656
2021-07-14,96.05515678063291,96.75062964365658,95.18084695567669,95.7074203491211,1347000,0.0,0.0,0.0055323439202328295,1.9376818570821406,97.32892532348633,102.26962837887388,92.38822226809879,98.58371342532445,95.9221229920338,98.54127984268375,100.61502478802805,103.10926818847656
2021-07-15,95.16097176104486,96.57179246868668,94.70394565491098,96.23399353027344,1463900,0.0,0.0,0.0055019054868630235,1.9483427995234157,97.61455955505372,101.48144847891527,93.74767063119216,98.41480995525305,95.9221229920338,98.54127984268375,100.61502478802805,104.63932037353516
2021-07-16,96.32341277736556,97.59514655295172,95.16097626242428,95.33981323242188,1622200,0.0,0.0,-0.009291730136609888,1.9302393240166371,97.6914680480957,101.30195798055526,94.08097811563614,98.41480995525305,95.9221229920338,98.45208629143933,100.61502478802805,103.77494049072266
2021-07-19,93.8594408704621,96.23399367552746,93.46202455754585,95.53852081298828,2262400,0.0,0.0,0.002084203585358324,1.9342623357363522,97.60388946533203,101.3333979344935,93.87438099617056,97.79384940657047,96.11537473079463,97.23063127732719,99.66858443162548,106.34820556640624
2021-07-20,95.81671187163892,98.3402967919592,95.36961566814668,97.86339569091795,1951200,0.0,0.0,0.024334424043266134,1.981331495625079,97.66079902648926,101.36938973202575,93.95220832095276,96.58172949892447,96.11537473079463,97.23063127732719,99.66858443162548,107.530517578125
2021-07-21,98.20118672003674,99.99949372140732,97.95280248703776,99.94981384277344,2022300,0.0,0.0,0.0213196991288247,2.02357288698627,97.77743301391601,101.61900034919516,93.93586567863686,96.73075913947659,96.11537473079463,96.72272630019721,99.66858443162548,105.58317565917967
2021-07-22,99.00596369613854,99.75111644711788,97.58520548106785,99.4629898071289,1945200,0.0,0.0,-0.004870684765959976,2.0137167013528163,97.94504432678222,101.77346916300098,94.11661949056347,96.73075913947659,96.11537473079463,96.25198313328261,99.66858443162548,107.2622528076172
2021-07-23,100.15845949779,102.52308233711868,99.85046546278588,102.1952133178711,1718100,0.0,0.0,0.027469750467387977,2.0690329966509897,98.23489723205566,102.41647880373884,94.05331566037248,97.99255344733226,96.67580751584988,95.27828852067499,99.66858443162548,107.16289520263672
2021-07-26,102.29456517204828,102.95030320844867,100.19820156610471,100.6552276611328,1459300,0.0,0.0,-0.015069058586416162,2.037854617207228,98.45666999816895,102.65787546620115,94.25546453013675,98.20616388299726,98.20616388299726,94.40617972543359,99.66858443162548,106.61644744873048
2021-07-27,100.62542196561344,102.26475946350656,99.42324315518124,101.7282485961914,1546100,0.0,0.0,0.010660359724892432,2.0595788804936896,98.66668510437012,103.0781991744503,94.25517103428993,98.20616388299726,98.20616388299726,94.54244326870801,99.66858443162548,107.88817596435548
2021-07-28,101.20168128562712,102.28463299708136,99.82066543666274,100.24788665771484,1330800,0.0,0.0,-0.01455212253140059,2.0296076362616606,98.76254501342774,103.22426949834976,94.30082052850572,98.20616388299726,98.20616388299726,94.54244326870801,99.66858443162548,106.8250961303711
2021-07-29,101.35070922834464,106.0203299919954,100.8638706515584,105.7818832397461,3034200,0.0,0.0,0.055203124639688905,2.1416483195758773,99.12866325378418,104.54239385437678,93.71493265319158,99.74117727477062,99.74117727477062,94.54244326870801,99.66858443162548,104.92743682861328
2021-07-30,104.53996049223606,106.82509095979655,104.09286431069552,104.4704132080078,2035600,0.0,0.0,-0.01239786995251313,2.115096442225757,99.29607429504395,105.14081094690194,93.45133764318597,101.09735331397161,100.1435577586712,94.63906913808842,99.66858443162548,103.69546508789062
2021-08-02,105.60305227536566,106.53697951314682,104.24190380967248,105.1658935546875,1860200,0.0,0.0,0.00665719915642482,2.1291770604766995,99.51763305664062,105.88240849841762,93.15285761486362,102.20514822043219,100.1435577586712,94.63906913808842,99.66858443162548,100.3273696899414
2021-08-03,105.4242065986352,106.65619029687252,104.08293322925498,106.5965805053711,1269500,0.0,0.0,0.013604096369319807,2.1581425903947697,99.88822212219239,106.96385824185285,92.81258600253193,102.20514822043219,100.1435577586712,94.63906913808842,99.66858443162548,99.57228088378906
2021-08-04,105.76201184586353,107.26225485570536,104.73866993679624,104.758544921875,1562600,0.0,0.0,-0.017242913185226194,2.1209299250672538,100.05215568542481,107.41691491092975,92.68739645991987,103.3427490054433,100.36213970662561,94.63906913808842,99.66858443162548,99.09537506103516
2021-08-05,105.07648003205244,106.099821975885,104.35119465375452,104.76847839355467,1490000,0.0,0.0,9.482254346959706e-05,2.1211310370372694,100.39890022277832,107.96565269163779,92.83214775391886,103.3427490054433,100.36213970662561,95.37739453936865,99.66858443162548,98.77745056152344
2021-08-06,104.74860362690634,105.75207809455408,102.98010902338513,103.37752532958984,1244300,0.0,0.0,-0.013276446172481582,2.092969954999264,100.65324592590332,108.26174786218334,93.0447439896233,103.3427490054433,100.36213970662561,96.2742823388718,99.66858443162548,97.95281219482422
2021-08-09,103.13907308553024,104.32138453589783,102.25482576587092,103.10926818847656,1049400,0.0,0.0,-0.0025949270913384614,2.087538850561679,100.90659790039062,108.48755756518001,93.32563823560123,103.54146014618405,100.36213970662561,96.8257425241921,99.66858443162548,97.81371307373048
2021-08-10,103.32784313295323,106.45748605155497,102.83107465635253,105.03672790527344,1040800,0.0,0.0,0.018693370156343425,2.126561987010976,101.39939193725586,108.70071029543014,94.09807357908157,104.06306275363188,100.36213970662561,96.90522591246736,99.66858443162548,99.60208129882812
2021-08-11,105.0168605100292,108.21605094332966,104.41080231837483,108.13656616210938,1206300,0.0,0.0,0.029511946141653533,2.1893209698385316,102.02084922790527,109.39473150321928,94.64696695259127,105.23543835460029,100.83903775043775,96.90522591246736,99.66858443162548,100.62542724609376
2021-08-12,108.06701237314562,108.83204008122284,106.28858787585392,106.70587158203124,1066300,0.0,0.0,-0.01323044212383595,2.1603552854565824,102.54444313049316,109.68115224561818,95.40773401536815,105.54343292354687,101.14703231938435,97.25506805857873,99.66858443162548,97.6646957397461
2021-08-13,107.14302483555724,107.79876288416932,106.0600731602311,107.47089385986328,1072800,0.0,0.0,0.007169448751879859,2.175843841961516,103.15099716186523,109.7734597178612,96.52853460586927,105.54343292354687,101.14703231938435,97.33930629571418,99.66858443162548,97.13811492919922
2021-08-16,106.9940064280432,109.4281691477584,106.48730041443856,108.05709075927734,1696900,0.0,0.0,0.005454471237379188,2.187711919614524,103.77692565917968,109.72860781060801,97.82524350775135,105.84149745681466,101.44509685265211,97.58954318673435,99.66858443162548,97.43617248535156
2021-08-17,106.43761736409202,106.82509619235556,102.6919861641826,103.8941650390625,2073300,0.0,0.0,-0.038525243377954155,2.103429785470523,104.07846412658691,109.36874609444884,98.78818215872498,105.84149745681466,101.44509685265211,97.70497690101121,99.66858443162548,98.86686706542967
2021-08-18,102.62243597228522,105.10627843192978,101.91702562335644,103.33778381347656,1388300,0.0,0.0,-0.005355269233616178,2.092165352655321,104.24786262512207,109.20119423964111,99.29453101060302,105.67259738555742,101.44509685265211,97.25291820867912,99.66858443162548,99.31395721435548
2021-08-19,101.98657411230204,103.62591167102616,101.65870508454007,103.10926818847656,1347100,0.0,0.0,-0.0022113462914249427,2.0875388505616788,104.43017654418945,108.90612040268302,99.95423268569589,105.54343711614924,101.44509685265211,97.25291820867912,99.66858443162548,98.85692596435548
2021-08-20,102.95031044363968,104.97712690756588,102.453541925425,104.63932037353516,1064800,0.0,0.0,0.014839133396444604,2.118516118035424,104.55238189697266,108.90813420775244,100.19662958619288,105.54343711614924,101.44509685265211,97.16846647364343,99.66858443162548,95.58818817138672
2021-08-23,105.07647916375284,105.12615146755508,101.7779365038586,103.77494049072266,1790400,0.0,0.0,-0.00826056476405701,2.101015978438694,104.70836753845215,108.6990538811361,100.71768119576821,105.54343711614924,101.44509685265211,97.16846647364343,99.66858443162548,95.71734619140624
2021-08-24,104.47042116906366,107.84844861775188,104.1524896197804,106.34820556640624,1510800,0.0,0.0,0.024796594086349932,2.1531140188249736,104.93936538696289,108.74171144113187,101.13701933279391,105.54343711614924,102.39889240795253,96.95461206868255,99.66858443162548,93.07454681396484
2021-08-25,106.62639522988948,108.17631059248058,105.70240547601723,107.530517578125,1391100,0.0,0.0,0.0111173668180089,2.177050977173248,105.30349693298339,108.59424026620239,102.0127535997644,105.54343711614924,103.50668731441311,96.34855211485956,99.66858443162548,93.09441375732422
2021-08-26,107.42122520814227,107.64973447763232,104.95725006612784,105.58317565917967,1214100,0.0,0.0,-0.018109667495374127,2.1376253078561613,105.29356155395507,108.57961329643629,102.00750981147385,105.54343711614924,103.50668731441311,96.42306693513561,99.66858443162548,91.69352722167967
2021-08-27,106.02033156691198,107.8981158764514,105.43414837974024,107.2622528076172,1080700,0.0,0.0,0.015902885454568638,2.171619718271785,105.43315353393555,108.80449982535299,102.06180724251811,104.91750783851032,104.42570615146983,96.42306693513561,99.66858443162548,91.2563705444336
2021-08-30,107.31192725999844,107.74907836015142,105.85142674200718,107.16289520263672,1416700,0.0,0.0,-0.0009263054092168987,2.169608135179988,105.533003616333,108.98498410241486,102.08102313025115,104.91750783851032,104.42570615146983,97.33418048159106,97.72119520641024,92.64733123779295
2021-08-31,107.45102242657336,107.70934415543964,105.89116972164386,106.61644744873048,1606000,0.0,0.0,-0.005099225369685545,2.158544814334802,105.53399696350098,108.98722583303284,102.08076809396913,104.91750783851032,104.42570615146983,98.20616388299726,96.33443746846059,93.45208740234376
2021-09-01,106.92445147045488,109.23938685034425,106.19916614691223,107.88817596435548,2066800,0.0,0.0,0.01192807063128365,2.1842920893409783,105.690478515625,109.27164534702169,102.10931168422832,105.50866167710143,104.62441729221057,98.20616388299726,96.33443746846059,93.24344635009766
2021-09-02,107.9974701070252,108.84198263078294,106.77542382785263,106.8250961303711,1558700,0.0,0.0,-0.00985353422172619,2.162769092488411,105.79330940246582,109.3808444963306,102.20577430860105,105.50866167710143,105.1460198996584,98.20616388299726,96.33443746846059,92.8957061767578
2021-09-03,106.45748462566029,106.45748462566029,103.94383738054208,104.92743682861328,1228600,0.0,0.0,-0.017764171252810046,2.124349291949162,105.870804977417,109.308497672771,102.433112282063,106.59161211544316,105.54343711614924,99.74117727477062,97.86945086023395,93.91905212402344
2021-09-07,104.1624211361472,105.4440848458264,103.0894068783504,103.69546508789062,1417300,0.0,0.0,-0.011741178265270436,2.099406928214686,105.90011482238769,109.25110341147753,102.54912623329786,106.16439686434732,105.54343711614924,100.6204555363214,98.27183134413454,94.68610382080078
2021-09-08,101.63883822797592,103.09933125208252,99.90014847633468,100.3273696899414,2438900,0.0,0.0,-0.032480643151505895,2.0312168409495457,105.66464691162109,109.80388469062501,101.52540913261717,104.56976766333946,104.66415881204654,101.17435298955169,98.27183134413454,97.95355224609376
2021-09-09,100.43665323582437,100.72477987986473,98.81719062975516,99.57228088378906,2248500,0.0,0.0,-0.007526249402191265,2.0159293964146285,105.23643264770507,109.99678828693577,100.47607700847438,104.0282887400497,104.12267988875678,101.17435298955169,98.27183134413454,96.74818420410156
2021-09-10,100.29755388264591,101.40038052347867,98.94634299982536,99.09537506103516,2109800,0.0,0.0,-0.004789544022904324,2.006274013823434,104.85590782165528,110.26552510551035,99.44629053780021,104.0282887400497,104.12267988875678,101.85244435603445,98.49041329208893,99.74665069580078
2021-09-13,99.621955528343,99.84053488965571,96.5320623118782,98.77745056152344,2689600,0.0,0.0,-0.0032082677856146713,1.9998373495357682,104.42123565673828,110.30237058885196,98.5401007246246,102.88572458111122,102.9801157298183,101.85244435603445,98.49041329208893,99.47769165039062
2021-09-14,99.7113769835904,100.06905092096368,97.04869743874836,97.95281219482422,2041000,0.0,0.0,-0.008348447565829753,1.983141812282981,103.91602172851563,110.18838043724563,97.64366301978563,102.88572458111122,102.9801157298183,101.85244435603445,98.49041329208893,101.8286590576172
2021-09-15,97.58520381218608,98.23100436800765,96.472439660923,97.81371307373048,1948700,0.0,0.0,-0.0014200625584600557,1.9803256268472413,103.61199913024902,110.43092770813304,96.793070552365,102.65721114585297,102.9503044043407,101.95179992640483,98.49041329208893,101.0317153930664
2021-09-16,97.53552258083889,100.60555576151955,97.47591278823256,99.60208129882812,1780200,0.0,0.0,0.01828341005467804,2.0165327323246767,103.4252140045166,110.46741499092528,96.38301301810793,101.46496214329164,102.9503044043407,102.21260123012874,98.49041329208893,100.11524200439452
2021-09-17,99.20466901737454,101.01290607391846,99.20466901737454,100.62542724609376,3120700,0.0,0.0,0.010274343004895492,2.0372512812971797,103.30102195739747,110.44909623019628,96.15294768459866,100.9582622533747,102.9503044043407,103.03723805251903,98.96731133590109,99.92596435546876
2021-09-20,98.08197948448512,99.91008403101009,95.94587329581702,97.6646957397461,3420300,0.0,0.0,-0.029423293767556147,1.9773086383692426,102.95229072570801,110.47985651993798,95.42472493147804,99.52260227394977,102.68702122178772,103.34523262146561,99.27530590484767,100.0654296875
2021-09-21,95.76703651652544,98.221074265221,94.89272663338242,97.13811492919922,3191100,0.0,0.0,-0.005391721200361799,1.9666475414640887,102.62044944763184,110.55247695410755,94.68842194115614,98.14655357843054,102.16044789057041,103.34523262146561,99.27530590484767,99.33822631835938
2021-09-22,99.06557254554234,99.32389428584158,97.17785074505234,97.43617248535156,2287500,0.0,0.0,0.0030683893378988802,1.9726819818117223,102.17484779357912,110.2208812970875,94.12881429007074,98.14655357843054,102.06605674186333,103.64329715473339,99.57337043811546,99.88611602783205
2021-09-23,97.8137127114982,99.99949861694692,97.43617138768764,98.86686706542967,4079500,0.0,0.0,0.01468340292506043,2.0016476661936706,101.74166526794434,109.51295312940232,93.97037740648636,97.95281635365043,102.06605674186333,103.64329715473339,99.57337043811546,99.54742431640624
2021-09-24,98.54893706264389,99.71137352878785,97.61500986074066,99.31395721435548,2091100,0.0,0.0,0.004522143385305544,2.0106994039470605,101.42820434570314,109.05732539427125,93.79908329713503,97.95281635365043,102.06605674186333,103.55884711910477,99.57337043811546,100.7428207397461
2021-09-27,98.4992520579771,99.3338270328884,97.56532490464632,98.85692596435548,2028300,0.0,0.0,-0.0046018833889939215,2.0014463997597765,101.00793800354005,108.2151762528033,93.80069975427679,97.95281635365043,102.06605674186333,103.49426698440067,99.57337043811546,99.60719299316406
2021-09-28,97.57526205312452,98.19125768529392,94.53504143969298,95.58818817138672,2115200,0.0,0.0,-0.033065339237307034,1.9352678955864326,100.42920265197755,107.41985957119331,93.43854573276178,97.77397375680572,101.88721414501862,103.49426698440067,99.57337043811546,101.51984405517578
2021-09-29,96.38302170923605,98.32041573105492,95.6279315042848,95.71734619140624,3857600,0.0,0.0,0.00135119226015612,1.9378828145882776,99.88424758911134,106.5488621056991,93.21963307252358,97.77397375680572,101.88721414501862,103.49426698440067,99.57337043811546,101.01179504394533
2021-09-30,96.51218393730966,96.95927255696026,93.05467940912771,93.07454681396484,2579300,0.0,0.0,-0.027610453931271595,1.884376990411885,99.1435661315918,105.35820406725875,92.92892819592484,96.52708901303731,101.14703312973597,103.97116476205088,99.76662217687627,103.89073181152344
2021-10-01,93.79983169696128,94.13763063811868,92.63738764747768,93.09441375732422,3101000,0.0,0.0,0.00021345194835142856,1.884779214351917,98.45703201293945,104.1301231617968,92.7839408640821,96.31844313221231,100.93838724891097,104.52506221528117,99.76662217687627,104.03019714355467
2021-10-04,92.4188049597965,93.39247451874012,91.5345576691642,91.69352722167967,3348400,0.0,0.0,-0.015048019307542293,1.856417020343895,97.79533653259277,103.38082586664228,92.20984719854326,95.76702814305557,100.38697225975423,104.52506221528117,99.76662217687627,107.24783325195312
2021-10-05,91.6835917511318,92.84602820421094,90.80928193327566,91.2563705444336,3081800,0.0,0.0,-0.004767584915663758,1.847566394560522,97.17338180541992,102.76267084937686,91.58409276146298,95.4043902751113,100.02433439180996,104.67160699499007,99.76662217687627,104.66773986816406
2021-10-06,90.69006200848102,93.61106340289264,90.69006200848102,92.64733123779295,2639800,0.0,0.0,0.015242340727128711,1.8757276310624063,96.7893798828125,102.51427598881446,91.06448377681053,95.20071776863443,99.96472442941263,104.67160699499007,100.12835092116974,106.0125732421875
2021-10-07,93.2931254246552,95.1311673509275,93.2931254246552,93.45208740234376,1652000,0.0,0.0,0.008686231473686856,1.8920206354474045,96.48337020874024,102.23504758865609,90.7316928288244,95.01194452068471,99.96472442941263,104.67160699499007,101.44509685265211,107.8156509399414
2021-10-08,93.4123458216308,94.07802137546668,92.63738817098616,93.24344635009766,2301000,0.0,0.0,-0.002232599164402105,1.8877965117576732,96.19077377319336,101.97683856778657,90.40470897860014,94.50523886976796,99.76602231963199,105.066539484656,101.44509685265211,106.49073791503906
2021-10-11,93.15402790994064,94.02833770983231,92.7268067120206,92.8957061767578,1485300,0.0,0.0,-0.0037293792427428585,1.8807562026322018,95.89668655395508,101.72517235552225,90.06820075238791,94.50523886976796,98.57377331707065,105.32734078837991,101.44509685265211,107.66622161865234
2021-10-12,93.03480479358711,94.41582062786792,92.73674065924612,93.91905212402344,2367700,0.0,0.0,0.011016073717319719,1.9014747516047044,95.69499855041504,101.5038484454846,89.88614865534547,93.82466728272064,98.0670734271537,106.0675246157962,101.44509685265211,109.95741271972656
2021-10-13,94.16809038630689,95.23399358398676,93.66004079483392,94.68610382080078,2303600,0.25,0.0,0.00816715756207187,1.9170043955013614,95.53861808776855,101.27813291628718,89.79910325924993,92.96202779623388,96.89469663028177,105.85391699024828,101.44509685265211,110.70453643798828
2021-10-14,95.47307956607926,98.14281967615902,95.19415274266862,97.95355224609376,2383700,0.0,0.0,0.034508214969715345,1.9831567952792115,95.45619163513183,101.00192945990847,89.9104538103552,94.41644084232001,96.04522126597985,104.616963237693,101.44509685265211,111.0033950805664
2021-10-15,98.52136835682288,99.34819257191432,96.71829267328113,96.74818420410156,2118300,0.0,0.0,-0.012305506174639769,1.9587530470896244,95.26232948303223,100.31584624003224,90.20881272603222,95.01912729019767,96.04522126597985,104.07548431440324,101.44509685265211,109.7880630493164
2021-10-18,97.27614960374694,99.8761578563955,96.89759956531374,99.74665069580078,2488000,0.0,0.0,0.0309924833873223,2.0194596683614163,95.36642723083496,100.6949503404502,90.03790412121971,95.28310993243826,95.85148404119974,104.07548431440324,101.44509685265211,110.27618408203124
2021-10-19,99.97577742568792,100.26466808738265,98.63094735242238,99.47769165039062,1825900,0.0,0.0,-0.0026964218200208334,2.0140143532469947,95.48340606689453,101.06199744505821,89.90481468873085,96.45102812918441,95.85148404119974,102.93292015546476,101.44509685265211,109.32982635498048
2021-10-20,99.96581548645176,102.6355555969105,99.61715695713896,101.8286590576172,2146200,0.0,0.0,0.02363311178840921,2.061611779600742,95.70303039550781,101.8913437329021,89.51471705811352,97.63647188394833,96.66280880269576,102.93292015546476,101.44509685265211,106.63020324707033
2021-10-21,100.86236805593065,101.72904002862622,100.3842023743986,101.0317153930664,1696500,0.0,0.0,-0.007826319937100035,2.045476946227492,95.81127281188965,102.28932043515516,89.33322518862414,97.68118115446555,96.66280880269576,102.80375777509684,101.44509685265211,106.83939361572266
2021-10-22,101.16122518481328,102.36659186309264,99.79646740848747,100.11524200439452,2478400,0.0,0.0,-0.009071145482449028,2.0269221272672673,95.8513370513916,102.42578582185376,89.27688828092943,97.68614812807832,96.66280880269576,102.20763327381617,101.44509685265211,104.64781951904295
2021-10-25,99.945892042295,101.39033772958506,99.51753797775883,99.92596435546876,3178500,0.0,0.0,-0.0018905977265424312,2.0230900329015773,95.90478897094727,102.5937500158797,89.21582792601482,98.14779819587221,96.66280880269576,101.9542833288577,101.44509685265211,108.1543426513672
2021-10-26,100.4041319683908,100.7428266490958,99.0792219758278,100.0654296875,2683300,0.0,0.0,0.0013956866259015044,2.0259136326034928,96.12865104675294,103.05825203484657,89.1990500586593,98.91485416978956,96.66280880269576,101.10481174786875,101.44509685265211,112.67696380615234
2021-10-27,100.82251977196074,103.67157095952496,99.2386106852654,99.33822631835938,3763000,0.0,0.0,-0.0072672787336410805,2.0111907535450797,96.30969505310058,103.37619711407298,89.24319299212819,100.19493181640304,97.18081648400299,100.15350073450048,101.44509685265211,111.88998413085938
2021-10-28,99.70680484831902,100.42404956637104,99.278458386345,99.88611602783205,1783000,0.0,0.0,0.005515396537449702,2.022283268063333,96.65027351379395,103.7168432298783,89.5837037977096,100.28458526241934,97.18081648400299,100.10630516014695,101.44509685265211,114.35053253173828
2021-10-29,99.37807697521411,100.99187003864532,98.71063625372804,99.54742431640624,1755900,0.0,0.0,-0.003390778667692329,2.0154261530979527,96.97292404174804,103.94830916387784,89.99753891961825,101.15125915597366,97.18081648400299,100.00943654775688,101.44509685265211,114.3804168701172
2021-11-01,99.68688138515098,101.42021766160728,98.75047774605852,100.7428207397461,1631500,0.0,0.0,0.012008310928672161,2.0396280169981305,97.42538871765137,104.13852850130566,90.71224893399709,101.1911036066265,97.18081648400299,100.00943654775688,101.44509685265211,114.89842224121094
2021-11-02,100.90221907211811,101.06160257096047,98.8501080733375,99.60719299316406,1869700,0.0,0.0,-0.011272542680889952,2.0166362231233803,97.84292984008789,103.97718156360719,91.70867811656859,101.1911036066265,97.18081648400299,100.00943654775688,101.44509685265211,115.09765625
2021-11-03,99.68688449176496,102.97425357387029,99.5773050156824,101.51984405517578,1825200,0.0,0.0,0.01920193717478802,2.055359545184197,98.28655548095703,104.12682944166374,92.44628152025032,101.1911036066265,97.18081648400299,99.83059395091217,101.44509685265211,116.46241760253906
2021-11-04,101.96811880433872,103.84091855175264,100.74282447372444,101.01179504394533,1934500,0.0,0.0,-0.00500443057176414,2.04507364104031,98.6645408630371,104.1697302453166,93.1593514807576,101.27577740274035,97.26549028011684,99.83059395091217,101.44509685265211,112.71681213378906
2021-11-05,102.0677360518562,104.38881758628372,101.64934582510212,103.89073181152344,1608600,0.0,0.0,0.028500996010670132,2.1033602767251267,99.1969051361084,104.55801233963696,93.83579793257984,101.54972692000588,97.53943979738237,98.83706107138664,101.24142427844305,110.7244644165039
2021-11-08,104.10989269303415,104.91678923100277,103.20337291812326,104.03019714355467,1021900,0.0,0.0,0.0013424232325578433,2.1061838764270417,99.75362968444824,104.67129827681566,94.83596109208082,101.8137127423654,97.80342561974189,98.62841519056164,101.03277839761805,112.65703582763672
2021-11-09,105.09609904521312,107.76583911643544,104.70759274680492,107.24783325195312,1646600,0.0,0.0,0.030929828037894902,2.171327781541117,100.42006874084473,105.60273628483306,95.2374011968564,103.23823768508174,99.22795056245823,98.0770002014049,100.4813634084613,108.04476165771484
2021-11-10,106.36122838888453,107.88537717775544,104.23938581642624,104.66773986816406,1897200,0.0,0.0,-0.02405730079159507,2.1190914959834353,100.9191505432129,105.69965199186747,96.13864909455832,103.29800671574174,99.28771959311823,97.71436233346063,100.11872554051703,105.4347915649414
2021-11-11,104.9267499139358,106.6102746449068,104.89686598382768,106.0125732421875,1273800,0.0,0.0,0.012848594760117571,2.146318843874938,101.32210159301758,106.38804549595062,96.25615769008454,103.31792746190698,100.2613826743708,97.58272109902353,100.0591155781197,105.4049072265625
2021-11-12,106.54054496304116,108.13442553412004,105.93287970535916,107.8156509399414,1184100,0.0,0.0,0.017008149529912364,2.1828237557104315,101.87547492980957,107.23468187446466,96.51626798515449,103.49226680372877,100.38590685255309,97.48833447504867,100.0591155781197,108.30377197265624
2021-11-15,107.8056840286313,107.8056840286313,106.41104236871575,106.49073791503906,1956200,0.0,0.0,-0.012288689196342961,2.155999713006112,102.21267929077149,107.83866893796667,96.5866896435763,103.85586527490122,100.43061612307032,97.13563059469998,100.0591155781197,111.91986846923828
2021-11-16,106.7597018712563,108.851660580389,105.83326203718794,107.66622161865234,1410600,0.0,0.0,0.01103836565158467,2.179798426182985,102.62210578918457,108.57818100312625,96.6660305752429,104.79724252705671,100.79420061981756,96.5395060934193,100.0591155781197,111.62102508544922
2021-11-17,107.97503346748296,110.4554984936702,107.4271360760707,109.95741271972656,1456500,0.0,0.0,0.021280500667976376,2.2261856280474257,103.02854347229004,109.77826168601214,96.27882525856793,106.05242215938617,102.05776964425206,95.94587035493717,100.0591155781197,113.03558349609376
2021-11-18,111.09304271630371,111.44170882264586,109.2003229399713,110.70453643798828,1520800,0.0,0.0,0.006794664404900841,2.2413118122930213,103.51218452453614,110.97675438731987,96.0476146617524,107.32254087038456,103.31793078265724,94.92836221325783,100.0591155781197,114.06163787841795
2021-11-19,110.57504101407204,113.95206192891938,110.3558820590955,111.0033950805664,1914600,0.0,0.0,0.0026996061064357146,2.247362471347914,104.05659217834473,112.02745876600275,96.0857255906867,109.0957238726728,105.33517730110026,95.23083105414993,100.0591155781197,115.65550994873048
2021-11-22,111.63097885373692,112.26852802283176,109.71833134645246,109.7880630493164,1765200,0.0,0.0,-0.010948602341107727,2.2227569933327964,104.54969711303711,112.65793723356894,96.44145699250528,109.0957238726728,105.42483074711656,95.53217427808876,100.0591155781197,114.80876922607422
2021-11-23,109.63863491806644,110.56507473448178,108.21410934229198,110.27618408203124,1666500,0.0,0.0,0.004446030097967624,2.2326394378256222,105.06023483276367,113.2610957717587,96.85937389376863,109.42446395637353,106.29150464067088,95.567296986819,100.0591155781197,115.7152862548828
2021-11-24,109.75818042056096,110.27618627652106,108.98116783652792,109.32982635498048,1685500,0.0,0.0,-0.008581705423782005,2.2134795838526844,105.55981483459473,113.516617140358,97.60301252883147,109.89266198305366,106.33134909132372,96.15125608519207,100.0591155781197,111.3819351196289
2021-11-26,107.56660693281944,108.70224188778997,105.9727263783054,106.63020324707033,1158700,0.0,0.0,-0.024692466803567514,2.1588233127080274,105.89701919555664,113.41858145357807,98.3754569375352,109.89266198305366,106.33134909132372,97.14964034332205,100.0591155781197,112.10914611816406
2021-11-29,107.46697892606994,108.50299820042648,105.65394709599236,106.83939361572266,1548800,0.0,0.0,0.0019618303471449217,2.163058557797022,106.26161766052246,113.19444991834439,99.32878540270053,109.80300451245587,106.33134909132372,97.17199497858066,100.0591155781197,110.3857650756836
2021-11-30,106.52061921020574,108.77196893694848,103.82099534680673,104.64781951904295,2798100,0.0,0.0,-0.02051279048402599,2.1186881907962523,106.45686759948731,112.95905689805008,99.95467830092454,108.88652863786305,106.33134909132372,97.17447846538704,100.0591155781197,107.65625762939452
2021-12-01,108.81181950891146,110.7344308648105,106.70989697369905,108.1543426513672,2721600,0.0,0.0,0.03350784706685794,2.189680870675811,106.88422508239746,112.59703431974013,101.1714158450548,108.88652863786305,106.33134909132372,97.40530349928399,100.0591155781197,102.55585479736328
2021-12-02,109.0309723116731,113.58347595793964,108.27388741133238,112.67696380615234,2447400,0.0,0.0,0.04181636209804074,2.281245358843144,107.44208106994628,113.12926494084687,101.7548971990457,108.88652863786305,106.33134909132372,97.78883148624266,100.0591155781197,103.63172149658205
2021-12-03,113.48385703297136,114.23098566835375,110.57503803659378,111.88998413085938,2266500,0.0,0.0,-0.0069843883675004825,2.2653122552954255,107.98599052429199,113.16166372341984,102.81031732516415,109.02599050758025,106.4708109610409,98.68787415020302,100.0591155781197,107.31756591796876
2021-12-06,112.97581853607583,115.00800179916442,112.0593349387818,114.35053253173828,2348500,0.0,0.0,0.02199078335734872,2.315128246338374,108.50898056030273,114.02991903338524,102.98804208722022,109.41449857298556,106.85931902644623,98.73270087321117,99.96472442941263,107.5267562866211
2021-12-07,115.34670448798371,115.43635627924024,113.49382480015808,114.3804168701172,1997500,0.0,0.0,0.00026133973945974276,2.315733281351088,109.02649154663087,114.71087153803906,103.34211155522267,109.62867581302348,107.09341701264938,99.16603781998833,99.96472442941263,108.12445831298828
2021-12-08,115.06777717983849,115.91452147223332,113.82256274979144,114.89842224121094,1639200,0.0,0.0,0.004528794222545596,2.326220760856627,109.40902099609374,115.57766813263228,103.2403738595552,109.86775840952002,107.3823147727854,99.18596004531474,99.96472442941263,107.74591827392578
2021-12-09,114.76891783030436,116.80110860635185,113.90224588752098,115.09765625,2073900,0.0,0.0,0.0017340012587014897,2.3302544305839703,109.93051681518554,116.17153161354746,103.68950201682362,110.31105197657928,108.18920681101713,99.18596004531474,99.96472442941263,100.91217803955078
2021-12-10,115.81490458587724,116.80111227576133,114.29076335600575,116.46241760253906,3741100,0.0,0.0,0.011857420880705849,2.357885238126534,110.45300903320313,117.03853972246065,103.8674783439456,110.31105381128403,108.77196837474288,99.18596004531474,99.96472442941263,96.48917388916016
2021-12-13,116.88080950686836,117.0900046198473,112.51757326415265,112.71681213378906,4553800,0.0,0.0,-0.032161495063007695,2.282052123681389,110.69806709289551,117.23688898126647,104.15924520452455,111.89995079677317,109.36967522247471,99.27063384142859,99.96472442941263,95.24395751953124
2021-12-14,111.57120867660174,112.30837346302025,109.35970671716086,110.7244644165039,4261600,0.0,0.0,-0.017675692557028166,2.2417152719440834,110.90975341796874,117.15443474940074,104.66507208653675,112.68194601558984,110.14668876898529,99.54458335869413,99.96472442941263,94.94510650634766
2021-12-15,111.08309057033858,112.84631085232492,109.52905779957608,112.65703582763672,4047300,0.0,0.0,0.017453879062022004,2.280841899192083,111.15929412841797,117.26129260659238,105.05729565024356,113.22485566850409,110.45549998332702,99.80856918105364,99.96472442941263,99.62712097167967
2021-12-16,108.4432317839468,110.5053065169978,106.41104098033075,108.04476165771484,5682000,0.0,0.0,-0.040940844360387474,2.1874623059866094,111.06366157531738,117.29797285783606,104.82935029279871,111.75052280008903,110.45549998332702,101.23309412376999,99.96472442941263,97.5749969482422
2021-12-17,107.8256047678137,108.09457533823662,104.33900439701245,105.4347915649414,5236200,0.0,0.0,-0.02415637790050207,2.1346211398800934,110.80017433166503,117.50584548303989,104.09450318029018,110.71450450842988,110.45549998332702,101.29286315442998,99.96472442941263,93.1500015258789
2021-12-20,104.05011333685664,105.92292067860714,103.02405787631156,105.4049072265625,3139500,0.0,0.0,-0.00028343906157868304,2.1340161048673796,110.52024993896484,117.62843734105586,103.41206253687382,110.05703124807943,110.05703124807943,101.78965506813888,99.96472442941263,91.7300033569336
2021-12-21,106.55050791918424,108.72216219899596,106.44092844083062,108.30377197265624,2438000,0.0,0.0,0.02750218013913508,2.192706200203258,110.44603538513184,117.61464569434116,103.27742507592251,110.05703124807943,110.05703124807943,101.93908682814093,99.96472442941263,93.41999816894533
2021-12-22,108.50299986026232,112.01948410094953,108.46315208754072,111.91986846923828,2096500,0.0,0.0,0.03338846312291888,2.2659172903081397,110.5282196044922,117.72509536347135,103.33134384551303,110.05703124807943,110.05703124807943,102.14324069898578,99.76602231963199,96.11000061035156
2021-12-23,112.27849435557437,112.54746492986004,110.84400489321293,111.62102508544922,1447000,0.0,0.0,-0.0026701548873889758,2.2598669401810043,110.64277954101563,117.83256645625079,103.45299262578047,110.05703124807943,110.05703124807943,102.79572157343713,99.77086129443501,95.69000244140624
2021-12-27,112.42791826138604,113.06546742563911,111.38193512618476,113.03558349609376,1278600,0.0,0.0,0.012672867047777592,2.2885059334595863,110.96304855346679,117.97592866348279,103.95016844345079,108.04476265097534,110.05703124807943,104.05509590181912,100.57278025107561,97.5199966430664
2021-12-28,113.06546636856278,114.66930310744443,112.93596680834838,114.06163787841795,1224800,0.0,0.0,0.009077268861620524,2.309279317109013,111.32416076660157,118.1912056155138,104.45711591768934,108.846680491878,110.05703124807943,105.3202358265209,101.06588541556344,94.83000183105467
2021-12-29,114.05167322129518,116.27313901649951,114.05167322129518,115.65550994873048,1264200,0.0,0.0,0.013973778563582284,2.341548674927755,111.87454528808594,118.25515979737453,105.49393077879735,109.64859844640554,110.05703124807943,107.21545058688653,102.3210619687002,90.3000030517578
2021-12-30,115.61566573608091,116.1137515027884,114.5198785693616,114.80876922607422,1017700,0.0,0.0,-0.007321231154759689,2.3244056558184876,112.20726661682129,118.46882241095672,105.94571082268585,109.64859844640554,110.05703124807943,107.26027730989469,102.3210619687002,92.02999877929688
2021-12-31,114.73903483095738,116.28310371160087,114.1911374603586,115.7152862548828,941500,0.0,0.0,0.007895886654995188,2.3427588994170603,112.35918273925782,118.8056806004084,105.91268487810724,109.65358079395622,110.05703124807943,107.85798429852221,102.3210619687002,93.77999877929688
2022-01-03,115.39650512561248,115.9145185716536,110.7244658691128,111.3819351196289,2443900,0.0,0.0,-0.037448389711528196,2.2550263511515394,112.33378028869629,118.7915900848425,105.87597049255008,111.36201607621575,110.05703124807943,108.11200553718868,102.3210619687002,96.33999633789062
2022-01-04,111.919871093345,112.67696359243548,110.90377946576984,112.10914611816406,2156700,0.0,0.0,0.0065289851334877635,2.269749384673831,112.22171096801758,118.61235715567912,105.83106478035603,112.37312789957079,110.05703124807943,108.11200553718868,102.3210619687002,91.9800033569336
2022-01-05,111.88002237431742,115.05781199480477,109.94745476954392,110.3857650756836,2807500,0.0,0.0,-0.015372350090544828,2.234858002514826,112.0219783782959,118.37952143193876,105.66443532465304,113.11527924057239,110.05703124807943,108.06717680188979,102.3210619687002,91.54000091552734
2022-01-06,109.98730297655132,109.98730297655132,106.470811069078,107.65625762939452,3098000,0.0,0.0,-0.0247269876185362,2.1795966963574553,111.65987014770508,118.14592093772663,105.17381935768353,111.37695739033944,110.05703124807943,107.60893886459338,102.3210619687002,90.58999633789062
2022-01-07,107.84553072913,107.84553072913,102.39647130648754,102.55585479736328,4441100,0.0,0.0,-0.04737674283263049,2.076334504195277,111.03278007507325,118.43867002412945,103.62689012601705,109.33978750904421,109.74323796316742,107.60893886459338,102.3210619687002,91.87999725341795
2022-01-10,101.12137262269016,103.84091660272422,100.05546940557392,103.63172149658205,2702200,0.0,0.0,0.010490543922085482,2.098116382508479,110.3912452697754,118.02650813256137,102.75598240698942,108.1692865585874,108.5727370127106,107.60893886459338,102.3210619687002,92.0199966430664
2022-01-11,103.73134220794913,107.58652889612728,103.18345240794147,107.31756591796876,2635500,0.0,0.0,0.03556675859628844,2.1727395813920762,110.12128295898438,117.79065200386016,102.4519139141086,108.1692865585874,108.5727370127106,107.74840073431056,102.46052383841739,89.33000183105469
2022-01-12,106.9987865971207,108.73212291363922,106.56046869631936,107.5267562866211,2246600,0.0,0.0,0.0019492649396486428,2.1769748264810707,109.96139755249024,117.70757976863833,102.21521533634215,108.1692865585874,108.5727370127106,108.1369087997159,102.84903190382272,89.43000030517578
2022-01-13,112.0593327994832,112.0692966427923,106.85931621922794,108.12445831298828,4630000,0.0,0.0,0.005558635329554251,2.1890758356630986,109.73476867675781,117.41648082955574,102.05305652395988,107.98499398861375,108.5727370127106,108.36104641283643,103.06320914386063,86.08999633789062
2022-01-14,108.07464910860678,109.30990730019354,106.4608560650532,107.74591827392578,2227200,0.0,0.0,-0.0035009658773663688,2.181411955859475,109.71982650756836,117.4159350242298,102.02371799090692,107.55664070018935,108.5727370127106,108.6250365911527,103.30229174035716,82.33000183105469
2022-01-18,105.7834561654692,106.02253520227288,100.51370791142097,100.91217803955078,3373600,0.0,0.0,-0.06342458576483023,2.0430568061766397,109.49369583129882,117.91958343044702,101.06780823215063,107.55664070018935,108.5727370127106,109.2501293937982,103.74558530741643,87.73999786376953
2022-01-19,97.78419990327411,100.46389611989171,96.250094852774,96.48917388916016,4123400,0.0,0.0,-0.04383023175515155,1.9535091528729778,109.04790916442872,119.09805995626904,98.9977583725884,104.15969574778315,106.67004973631066,109.54151109301345,103.74558714212117,90.83000183105467
2022-01-20,98.33208764289655,98.80028946292592,95.11445796087466,95.24395751953124,4268200,0.0,0.0,-0.012905244385855497,1.9282986398451465,108.39491844177246,120.12932638073232,96.6605105028126,103.59187730183348,105.69878083623777,110.63481300962394,103.89003331416416,89.87999725341797
2022-01-21,95.05468598314044,97.72442599919204,94.53668012936282,94.94510650634766,3157400,0.0,0.0,-0.0031377424979668334,1.9222481352541327,107.54618034362792,120.54028128500867,94.55207940224717,103.30298838607756,105.40989192048184,111.41431739228756,103.89003331416416,90.33999633789062
2022-01-24,93.54051206314922,99.73670045253527,92.67384006006942,99.62712097167967,4189700,0.0,0.0,0.049312857056187376,2.0170396827744423,106.94648513793945,120.23989525062558,93.65307502525332,102.37156835143085,104.47847188583515,111.84017782591556,103.89003331416416,92.0500030517578
2022-01-25,97.62480856411442,98.8799868022764,95.84166063852312,97.5749969482422,3490000,0.0,0.0,-0.020598046028257877,1.9754926065478318,106.17345581054687,119.75870268727178,92.58820893382196,102.37156835143085,104.47847188583515,111.10301139170802,103.89003331416416,89.88999938964844
2022-01-26,98.95999908447266,99.70999908447266,91.68000030517578,93.1500015258789,4265800,0.375,0.0,-0.04534968548049756,1.8859046381718392,105.12787399291992,119.33528772004315,90.92046026579668,101.87464847398404,103.98155200838832,110.58500224587846,103.89003331416416,89.13999938964844
2022-01-27,91.58999633789062,94.43000030517578,91.12999725341795,91.7300033569336,3354800,0.0,0.0,-0.015244209830214683,1.8571555121477725,103.93159866333008,118.42119351766246,89.4420038089977,100.21995227680574,103.70655048250941,110.05703124807943,104.86369639541672,83.26000213623047
2022-01-28,92.1999969482422,93.4800033569336,89.0999984741211,93.41999816894533,2679200,0.0,0.0,0.01842357734835942,1.891370960373759,102.86216011047364,117.13600133135434,88.58831888959294,97.56126683819699,102.69155109286098,110.05703124807943,104.86369639541672,83.75
2022-01-31,93.33999633789062,96.16999816894533,93.05999755859376,96.11000061035156,2558000,0.0,0.0,0.0287947173424421,1.9458324525674247,101.88189582824707,115.13605247949234,88.6277391770018,94.78194729700641,102.69155109286098,110.05703124807943,104.90840566593396,87.5
2022-02-01,97.0199966430664,97.45999908447266,93.4499969482422,95.69000244140624,2506800,0.0,0.0,-0.004369973637270874,1.937329216047159,101.09729919433593,113.85219808857943,88.34240030009244,94.41834946332818,102.69155109286098,110.05703124807943,104.91337263954671,88.08999633789062
2022-02-02,96.75,97.9000015258789,95.43000030517578,97.5199966430664,1890900,0.0,0.0,0.019124194325114807,1.9743790764465672,100.36784172058105,112.14092534564602,88.59475809551608,94.41834946332818,102.69155109286098,109.05089694952738,105.3750227073406,86.56999969482422
2022-02-03,96.80999755859376,96.80999755859376,94.7300033569336,94.83000183105467,1515700,0.0,0.0,-0.027584033066135105,1.9199177387167798,99.59005355834961,110.6385095272205,88.54159758947871,94.41834946332818,102.69155109286098,109.45185586997871,106.14207868125797,83.33999633789062
2022-02-04,93.66000366210938,93.9499969482422,90.2699966430664,90.3000030517578,2629200,0.0,0.0,-0.047769679340166404,1.828203883978782,98.72224082946778,109.82709523128203,87.61738642765353,94.40499877929688,102.69155109286098,109.85281484724248,106.90414864656421,86.2699966430664
2022-02-07,91.13999938964844,93.16999816894533,90.23999786376952,92.02999877929688,2826500,0.0,0.0,0.019158313057281884,1.863229186320586,98.19594802856446,109.52209068851634,86.86980536861257,94.40499877929688,102.69155109286098,109.85281484724248,106.99380209258052,88.51000213623047
2022-02-08,91.83999633789062,93.94000244140624,90.80999755859376,93.77999877929688,2378900,0.0,0.0,0.019015538663613274,1.8986594929522378,97.7033618927002,108.89572157419781,86.5110022112026,93.5,102.50725852288735,109.85530602101782,107.86047598613484,89.29000091552734
2022-02-09,95.22000122070312,97.5,95.0,96.33999633789062,2413000,0.0,0.0,0.02729790565063328,1.9504889206535272,97.15448341369628,107.43735811613965,86.87160871125292,93.5,102.07890523446292,110.70952366214759,107.90032043678767,92.54000091552734
2022-02-10,93.25,96.5,91.5199966430664,91.9800033569336,3330500,0.0,0.0,-0.045256312504573404,1.862216984523723,96.37714576721191,105.70213091689962,87.05216061752421,94.06999969482422,102.07890523446292,111.21507957382511,107.90032043678767,88.22000122070312
2022-02-11,92.8499984741211,94.08999633789062,91.0999984741211,91.54000091552734,1790100,0.0,0.0,-0.004783674987473008,1.8533087437136095,95.54792289733886,103.35840320327873,87.737442591399,94.06999969482422,100.5846475584567,111.58615524432591,107.90032043678767,88.33000183105469
2022-02-14,91.20999908447266,92.72000122070312,90.25,90.58999633789062,1902900,0.0,0.0,-0.010378026743886326,1.8340750560066714,94.69012680053712,100.42721311549464,88.95304048557959,94.06999969482422,100.5846475584567,110.71699431920943,107.90032043678767,84.87000274658203
2022-02-15,91.86000061035156,92.19000244140624,91.01000213623048,91.87999725341795,1749600,0.0,0.0,0.014239993019933062,1.8601922720022397,94.23851776123047,99.32364643882038,89.15338908364056,93.86999893188477,100.5846475584567,109.54151273610582,107.90032043678767,83.87999725341797
2022-02-16,91.29000091552734,92.4000015258789,90.4499969482422,92.0199966430664,2037700,0.0,0.0,0.0015237200025410846,1.8630266841756618,94.01505889892579,99.07742729532292,88.95269050252865,93.86999893188477,100.5846475584567,108.371011785649,107.90032043678767,82.77999877929688
2022-02-17,91.7300033569336,92.0,89.29000091552734,89.33000183105469,2279400,0.0,0.0,-0.029232720171093463,1.8085653464458744,93.71936111450195,99.14215206675699,88.29657016224691,93.39500045776367,100.5846475584567,108.371011785649,107.90032043678767,82.51000213623047
2022-02-18,89.55000305175781,90.47000122070312,88.4000015258789,89.43000030517578,2124700,0.0,0.0,0.0011194276510841927,1.8105899045034786,93.44360580444337,99.14583296034145,87.74137864854528,92.95000076293945,100.2346490843356,108.371011785649,107.90032043678767,85.73999786376953
2022-02-22,88.0,89.19999694824219,85.26000213623047,86.08999633789062,2344700,0.0,0.0,-0.037347690438192416,1.7429685532395662,92.76674957275391,98.58614977788982,86.947349367618,91.38000106811523,97.284954718212,108.27886550066218,107.9202411829529,84.1500015258789
2022-02-23,86.55999755859375,86.73999786376953,82.05000305175781,82.33000183105469,3062200,0.0,0.0,-0.04367516165384078,1.6668441199192672,92.00449981689454,98.99485319339371,85.01414644039536,89.2750015258789,94.03626912701534,108.06468885644998,107.9700563465924,81.16999816894531
2022-02-24,79.94999694824219,88.5,79.5199966430664,87.73999786376953,4908000,0.0,0.0,0.06571111274619468,1.7763743018136138,91.73399963378907,98.94377495183198,84.52422431574615,86.80499649047852,89.99194638147907,108.06468885644998,108.33365481776485,82.33000183105469
2022-02-25,86.38999938964844,91.12000274658205,86.38999938964844,90.83000183105467,3085900,0.0,0.0,0.0352177346993201,1.8389341807015755,91.68899955749511,98.90965741366695,84.46834170132327,86.11999893188477,89.62834854780084,105.4148727420469,106.67004973631066,82.30999755859375
2022-02-28,89.91999816894531,91.47000122070312,89.12999725341797,89.87999725341797,3048900,0.0,0.0,-0.01045914960349481,1.8197004929946377,91.51199951171874,98.72774917096133,84.29624985247615,85.95999908447266,89.62834854780084,104.64532906903563,106.10223129036098,78.87000274658203
2022-03-01,90.23999786376952,91.77999877929688,89.02999877929688,90.33999633789062,2618800,0.0,0.0,0.005117924994764822,1.8290135836307209,91.22349929809569,98.13244877336871,84.31454982282267,85.95999908447266,89.62834854780084,104.35644015327969,105.81334237460507,75.44999694824219
2022-03-02,91.0500030517578,92.98999786376952,90.52999877929688,92.0500030517578,1665800,0.0,0.0,0.018928567447262123,1.8636341906104337,91.04149932861327,97.65241034397056,84.43058831325598,86.25499725341797,89.61499786376953,103.425020118633,104.88192233995836,74.66999816894531
2022-03-03,93.11000061035156,93.11000061035156,89.20999908447266,89.88999938964844,2016500,0.0,0.0,-0.023465546882109667,1.819902995139562,90.65999946594238,96.56741992545464,84.75257900643011,86.31499862670898,89.61499786376953,103.425020118633,104.88192233995836,74.91999816894531
2022-03-04,90.16999816894533,90.41999816894533,88.05000305175781,89.13999938964844,2046400,0.0,0.0,-0.008343531038964125,1.8047185780117112,90.37549934387206,95.98990874766464,84.76108994007949,86.31499862670898,88.70999908447266,102.92810024118617,104.38500246251155,76.31999969482422
2022-03-07,89.33000183105469,90.12000274658205,83.05999755859375,83.26000213623047,2949200,0.0,0.0,-0.06596362232083208,1.6856728033363575,90.02349929809569,96.44660699824907,83.6003915979423,86.31499862670898,88.70999908447266,101.96325137965758,104.11000093663263,76.51000213623047
2022-03-08,83.0199966430664,87.5199966430664,82.02999877929688,83.75,2081300,0.0,0.0,0.005885153149141065,1.6955932459433338,89.60949935913085,96.51650520834427,82.70249350991743,86.31499862670898,88.70999908447266,100.12640896552898,103.09500154698421,77.97000122070312
2022-03-09,86.08000183105469,88.68000030517578,85.83999633789062,87.5,2290600,0.0,0.0,0.04477611940298498,1.7715153315825873,89.29549942016601,95.98063774238868,82.61036109794334,87.56999969482422,88.70999908447266,98.7367491949337,103.09500154698421,76.7699966430664
2022-03-10,85.26000213623047,88.31999969482422,85.1500015258789,88.08999633789062,2674200,0.0,0.0,0.0067428152901785054,1.783460332247168,88.882999420166,94.73647598017132,83.02952286016068,87.56999969482422,88.70999908447266,98.55495027809458,103.09500154698421,76.0199966430664
2022-03-11,88.56999969482422,88.9800033569336,86.48999786376953,86.56999969482422,1496900,0.0,0.0,-0.01725504264111999,1.7526866481654972,88.61249923706053,94.36660408862505,82.85839438549601,87.56999969482422,88.5099983215332,98.55495027809458,103.09500154698421,79.55000305175781
2022-03-14,86.83999633789062,86.83999633789062,82.5199966430664,83.33999633789062,2689500,0.0,0.0,-0.037310885622270695,1.6872923571041134,88.2024990081787,94.2289296646353,82.17606835172211,87.56999969482422,88.5099983215332,98.55495027809458,103.09500154698421,
2022-03-15,83.75,86.4800033569336,83.56999969482422,86.2699966430664,2092800,0.0,0.0,0.0351571926316927,1.7466128195288055,87.98649902343749,93.96410558784653,82.00889245902844,87.56999969482422,88.5099983215332,98.54827493607893,103.09500154698421,
2022-03-16,87.19999694824219,89.51000213623047,83.87000274658203,88.51000213623047,3429700,0.0,0.0,0.025965058309111333,1.7919637232313124,87.81799926757813,93.5282814659385,82.10771706921776,86.2249984741211,88.5099983215332,98.54827493607893,103.09500154698421,
2022-03-17,89.27999877929688,90.61000061035156,86.80999755859375,89.29000091552734,3554500,0.0,0.0,0.008812549547748683,1.8077554923300565,87.68149948120117,93.10368212047733,82.25931684192501,86.31999969482422,88.5099983215332,98.00362926144368,103.09500154698421,
2022-03-18,87.41999816894531,92.86000061035156,87.41999816894531,92.54000091552734,5856700,0.0,0.0,0.036398252510655205,1.8735546332174098,87.84199943542481,93.63156966323285,82.05242920761677,87.44499969482422,88.0099983215332,97.78945261723146,103.09500154698421,
2022-03-21,91.75,92.19000244140624,87.3499984741211,88.22000122070312,3268200,0.0,0.0,-0.04668251190928363,1.7860923967395446,87.78149948120117,93.52809337912939,82.03490558327294,87.68999862670898,86.80499649047852,98.07445246464357,103.09500154698421,
2022-03-22,88.88999938964844,90.12000274658205,87.18000030517578,88.33000183105469,2229300,0.0,0.0,0.0012468896942812169,1.788319456942073,87.89349975585938,93.59042388223241,82.19657562948635,87.68999862670898,86.31499862670898,97.32732362664046,103.09500154698421,
2022-03-23,87.16999816894531,87.38999938964844,84.76000213623047,84.87000274658203,2690000,0.0,0.0,-0.03917127830576139,1.7182686977945871,88.02049980163574,93.31009077066122,82.73090883261025,87.68999862670898,86.31499862670898,97.32732362664046,103.09500154698421,
2022-03-24,84.44999694824219,85.69999694824219,83.22000122070312,83.87999725341797,4077900,0.0,0.0,-0.011664963604633982,1.6982251559718315,87.82749977111817,93.42030988808058,82.23468965415576,87.68999862670898,86.31499862670898,97.22732324517074,103.09500154698421,
2022-03-25,84.2699966430664,84.77999877929688,81.91999816894531,82.77999877929688,3949300,0.0,0.0,-0.01311395457963338,1.675954708410426,87.42499961853028,93.25191119549483,81.59808804156573,87.38999938964844,86.31499862670898,97.22732324517074,103.09500154698421,
2022-03-28,82.70999908447266,83.87000274658203,81.58000183105469,82.51000213623047,3988300,0.0,0.0,-0.0032616169007957385,1.6704883862085065,87.0564998626709,93.14497396723775,80.96802575810406,87.22000122070312,86.31499862670898,96.98982400811019,103.09500154698421,
2022-03-29,83.4000015258789,86.18000030517578,83.4000015258789,85.73999786376953,3959600,0.0,0.0,0.03914671729381469,1.7358825228060115,86.82649993896484,92.74478985660332,80.90821002132637,87.22000122070312,86.31499862670898,96.59232492363753,102.74500307286311,
2022-03-30,85.68000030517578,85.83999633789062,83.54000091552734,84.1500015258789,3277600,0.0,0.0,-0.01854439441924105,1.7036916326376297,86.4314998626709,91.938486307488,80.9245134178538,87.22000122070312,86.31499862670898,94.33247789316363,101.1750033780389,
2022-03-31,83.56999969482422,84.62000274658203,81.08999633789062,81.16999816894531,3836200,0.0,0.0,-0.03541299231013262,1.643358813952196,85.99549980163575,91.71712988450106,80.27386971877043,86.63999938964844,86.31499862670898,91.65563532644713,99.57000383580257,
2022-04-01,82.2699966430664,83.20999908447266,81.0999984741211,82.33000183105469,3556600,0.0,0.0,0.014291039648602233,1.6668441199192667,85.65499992370606,91.39830741756988,79.91169242984223,85.60499954223633,87.0999984741211,88.39847143597879,98.30500063145686,
2022-04-04,82.45999908447266,82.91999816894531,81.69999694824219,82.30999755859375,3084000,0.0,0.0,-0.00024297670370498903,1.6664391156294187,85.60749969482421,91.44522199235695,79.76977739729148,84.23999786376953,87.0999984741211,87.8741737398428,98.30500063145686,
2022-04-05,81.79000091552734,82.76000213623047,78.54000091552734,78.87000274658203,4400900,0.0,0.0,-0.04179315896058555,1.5967933607717808,85.36349983215332,91.86878976936086,78.85820989494579,82.36000061035156,85.82500076293945,87.79417381613675,97.90155017733363,
2022-04-06,77.75,77.87999725341797,75.06999969482422,75.44999694824219,5153200,0.0,0.0,-0.043362567252960504,1.5275523012762335,84.76099967956543,92.49395763923184,77.02804171989902,80.625,84.09000015258789,87.79417381613675,97.90155017733363,
2022-04-07,75.0,76.06999969482422,73.01000213623047,74.66999816894531,3881200,0.0,0.0,-0.010337956406173854,1.5117605321774892,84.08999977111816,92.82646726179269,75.35353228044363,79.59500122070312,83.06000137329102,87.93499755859375,97.90155017733363,
2022-04-08,74.58000183105469,77.08000183105469,74.05000305175781,74.91999816894531,3268000,0.0,0.0,0.003348064900636105,1.5168220045534395,83.50749969482422,93.03179132866454,73.9832080609839,79.59500122070312,82.93500137329102,87.96499824523926,97.90155017733363,
2022-04-11,74.4000015258789,77.41000366210938,74.12999725341797,76.31999969482422,3129400,0.0,0.0,0.0186866198624549,1.5451662807515365,83.1564998626709,93.18911664957142,73.12388307577038,79.42499923706055,82.93500137329102,87.51249885559082,97.90155017733363,
2022-04-12,78.52999877929688,79.69000244140625,75.97000122070312,76.51000213623047,3308600,0.0,0.0,0.002489549818736947,1.5490130491857,82.6685001373291,92.99624471327846,72.34075556137975,78.81500244140625,82.93500137329102,87.51249885559082,97.90155017733363,
2022-04-13,75.68000030517578,78.55000305175781,75.68000030517578,77.97000122070312,2412900,0.0,0.0,0.019082460380448696,1.578572029325584,82.14150009155273,92.29548464801641,71.98751553508905,78.11000061035156,82.93500137329102,87.51249885559082,97.90155017733363,
2022-04-14,78.19999694824219,79.30000305175781,76.44000244140625,76.7699966430664,2059200,0.0,0.0,-0.015390593290360077,1.5542768692426956,81.51549987792968,91.36539443869228,71.66560531716709,77.96500015258789,82.93500137329102,88.13999938964844,97.90155017733363,
2022-04-18,76.16000366210938,77.58999633789062,75.48999786376953,76.0199966430664,1731500,0.0,0.0,-0.009769441615153918,1.5390924521148448,80.68949966430664,89.39545411945706,71.98354520915622,77.88500213623047,82.93500137329102,88.13999938964844,97.90155017733363,
2022-04-19,76.23999786376953,79.88999938964844,76.18000030517578,79.55000305175781,2642300,0.0,0.0,0.04643523499830837,1.6105605718129203,80.25599975585938,88.24539311882215,72.2666063928966,76.45000076293945,82.93500137329102,88.03999900817871,97.90155017733363,
