Date,Open,High,Low,Close,Volume,Dividends,Stock Splits,daily_return,cum_return,moving_average,upper_band,lower_band,Conversion,Baseline,SpanA,SpanB,Lagging
2017-04-20,11.448036268846296,11.58361613747338,11.371772390713618,11.558195114135742,24624200,0.0,0,,,,,,,,,,11.973410606384276
2017-04-21,11.515827521756115,11.609038490080229,11.329404776988037,11.414142608642578,18510400,0.0,0,-0.012463235312318521,0.9875367646876815,,,,,,,,11.837830543518066
2017-04-24,11.77851068112446,11.905617399856396,11.634456884766736,11.702247619628906,26731000,0.0,0,0.025241055843141513,1.0124632353123186,,,,,,,,11.727670669555664
2017-04-25,11.854776311506356,11.871724199769051,11.651406501072746,11.744617462158203,27694600,0.0,0,0.0036206585184737072,1.0161290189498937,,,,,,,,11.685302734375
2017-04-26,11.736143714774864,11.990355560514306,11.719195827395035,11.880197525024414,19059200,0.0,0,0.011544016933974888,1.0278592295517546,,,,,,,,11.473459243774414
2017-04-27,11.880199429893995,11.89714651187137,11.541248901027878,11.685302734375,19331100,0.0,0,-0.016405012647212946,1.0109971858914035,,,,,,,,11.464983940124512
2017-04-28,11.702249143886132,11.795460103268187,11.642932344170482,11.651406288146973,14091500,0.0,0,-0.0029007760430812546,1.0080645094749472,,,,,,,,11.439563751220703
2017-05-01,11.693774868544429,11.863249702672949,11.600563103683928,11.753090858459473,15256800,0.0,0,0.008727235820103818,1.0168621261710122,,,,,,,,11.575852394104004
2017-05-02,11.786986663689836,11.82088163292648,11.617511817506625,11.727670669555664,15366000,0.0,0,-0.0021628513903227953,1.0146628045076567,,,,11.659880168751172,,,,11.950637817382812
2017-05-03,11.64293455102067,11.973411155665683,11.617513522392567,11.964937210083008,18782800,0.0,0,0.02023134407613214,1.0351907968269043,,,,11.659880168751172,,,,12.265801429748535
2017-05-04,12.2784648609393,12.3293077219153,12.058147143576392,12.092042922973633,21097500,0.0,0,0.010623182609225124,1.0461878176969857,,,,11.935278311471588,,,,12.231729507446287
2017-05-05,12.11746325432705,12.15135822366017,12.024251482571117,12.100515365600586,11117300,0.0,0,0.0007006626325198884,1.0469208424074434,,,,11.935278311471588,,,,12.282838821411133
2017-05-08,12.049674094920114,12.236096034248373,12.007305178483742,12.159832954406738,11615800,0.0,0,0.004902071276631892,1.0520529229979163,,,,11.935278311471588,,,,12.350980758666992
2017-05-09,12.176779564998077,12.295412364806126,11.990356824762522,12.041199684143066,11254000,0.0,0,-0.009756159538415243,1.0417889268382925,,,,11.935278311471588,,,,12.265801429748535
2017-05-10,11.998831233572494,12.176780036109369,11.939515235433491,12.159832954406738,16698500,0.0,0,0.009852279953458387,1.0520529229979163,,,,11.964935412799614,,,,12.231729507446287
2017-05-11,12.100517483014205,12.210676354652984,11.95646363611118,12.015780448913574,13374000,0.0,0,-0.011846585889237815,1.039589687685598,,,,11.964935412799614,,,,12.350980758666992
2017-05-12,11.905620661072597,11.981884551578212,11.770040770449231,11.973410606384276,13168600,0.0,0,-0.0035261831480226657,1.0359239040480228,,,,11.973409769710962,,,,12.155069351196287
2017-05-15,12.02425280305773,12.151359558105469,12.02425280305773,12.151359558105469,10304200,0.0,0,0.014862010296908146,1.0513198157767978,,,,11.973410622153933,,,,11.89101219177246
2017-05-16,12.159833243311484,12.380150159399362,12.11746432586847,12.320834159851074,17249600,0.0,0,0.013946966257990301,1.0659825377737933,,,,12.075095464924296,,,,11.788798332214355
2017-05-17,12.320834098865973,12.320834098865973,11.73614562703008,11.837830543518066,39891200,0.0,0,-0.03920218469516723,1.024193693446162,11.89672236442566,12.362868965141386,11.430575763709934,12.05814789321472,,,,11.55881404876709
2017-05-18,11.829353315898238,12.01577601512204,11.744615504945696,11.871722221374512,19820100,0.0,0,0.0028629973821514554,1.0271259573093143,11.912398719787598,12.352005606133527,11.472791833441669,12.05814789321472,,,,11.712136268615724
2017-05-19,11.922567224180684,12.092042888200082,11.888672253000776,11.939515113830566,13766400,0.0,0,0.005710451372758385,1.032991310142227,11.938667345046998,12.313390066076723,11.563944624017273,12.05814789321472,,,,11.925084114074709
2017-05-22,11.973409271253718,12.03272526475726,11.83782939574859,11.922566413879396,12038000,0.0,0,-0.001419546756261214,1.0315249306786687,11.949683284759521,12.308399857090368,11.590966712428674,12.05814789321472,,,,12.00174617767334
2017-05-23,11.939515828841031,12.329308424813044,11.897146910298876,12.261518478393556,15570200,0.0,0,0.028429454930070763,1.0608506222046423,11.975528335571289,12.34584595238408,11.605210718758498,12.05814789321472,,,,12.487266540527344
2017-05-24,12.253043834511228,12.26999091608999,12.015779035569562,12.092042922973633,19811900,0.0,0,-0.013821742854978503,1.0461878176969859,11.98612060546875,12.357050251602693,11.615190959334807,12.05814789321472,,,,12.47023105621338
2017-05-25,12.134410334933705,12.20220027359994,12.007304401964465,12.100515365600586,18015800,0.0,0,0.0007006626325198884,1.0469208424074437,12.00688123703003,12.353573306249125,11.660189167810934,12.05814789321472,11.8547774681937,,,12.67466163635254
2017-05-26,12.066621579157868,12.142885469663485,11.964936661190343,11.973410606384276,12053100,0.0,0,-0.010504078163285913,1.0359239040480228,12.022981452941895,12.32928934777529,11.7166735581085,12.05814789321472,11.8547774681937,,,12.649107933044434
2017-05-30,11.914094432914029,11.922567569864782,11.719197736888807,11.837830543518066,16152800,0.0,0,-0.011323428831039761,1.0241936934461622,12.027218437194824,12.320400106424376,11.734036767965272,12.024253080850926,11.96069953021362,,,12.529857635498049
2017-05-31,11.871724490841348,11.888671571399763,11.52430085413581,11.727670669555664,31447300,0.0,0,-0.009305748511725498,1.014662804507657,12.027218437194824,12.320400106424376,11.734036767965272,11.926804639474426,11.952225506767586,,,12.512822151184082
2017-06-01,11.803935540696123,11.812408677624871,11.549722846076504,11.685302734375,27049100,0.0,0,-0.0036126470783877096,1.0109971858914035,12.013236713409423,12.341897520711626,11.68457590610722,11.926804639474426,11.952225506767586,,,12.56392765045166
2017-06-02,11.54124918961876,11.583618107801453,11.414143243190583,11.473459243774414,24083700,0.0,0,-0.018129054541086043,0.9926687627674937,11.982307529449463,12.384555917176428,11.580059141722497,11.871725834001815,11.897146701294972,,,12.56392765045166
2017-06-05,11.464983940124512,11.59209067961278,11.44803685973129,11.464983940124512,15492300,0.0,0,-0.0007386877374843115,0.9919354905250537,11.950530958175658,12.407702730149236,11.493359186202081,11.871725834001815,11.897146701294972,,,12.461715698242188
2017-06-06,11.388720890086985,11.47345872260323,11.236193922925548,11.439563751220703,17350500,0.0,0,-0.002217202312411848,0.9897361688616981,11.914517498016357,12.412205271244932,11.416829724787782,11.75309241950777,11.808172041162454,,,12.623553276062012
2017-06-07,11.507709105070669,11.66954921344182,11.439565816037332,11.575852394104004,13937700,0.07,0,0.011913797225769018,1.0015276848845258,11.891250133514404,12.406467611553532,11.376032655475276,11.719197098262743,11.808172041162454,,,12.50430393218994
2017-06-08,11.575849811321484,12.112478701976402,11.524741949783534,11.950637817382812,23115300,0.0,0,0.03237648602617815,1.0339536319790201,11.880790376663208,12.381923539011952,11.379657214314465,11.689539696294517,11.808172041162454,,,12.52133846282959
2017-06-09,12.04433618210574,12.35098093353327,12.035818069260875,12.265801429748535,17130900,0.0,0,0.026372116466227613,1.06122117758225,11.893291425704955,12.419399202309604,11.367183649100307,11.793587428229408,11.808172041162454,,,12.385053634643556
2017-06-12,12.299872783963275,12.512820726161843,12.231729507446287,12.231729507446287,25258200,0.0,0,-0.002777798295316658,1.058273319204208,11.906207370758057,12.452078949129616,11.360335792386499,11.874507324543696,11.874507324543696,,,12.32542896270752
2017-06-13,12.33394587866785,12.42764350419188,12.197659309540564,12.282838821411133,17011500,0.0,0,0.004178420879380251,1.062695230537262,11.91278133392334,12.473433047276847,11.352129620569832,11.874507324543696,11.874507324543696,,,12.189142227172852
2017-06-14,12.180622565841425,12.376534284507844,12.010264373015852,12.350980758666992,16289500,0.0,0,0.005547735197589443,1.068590782272024,11.914288663864136,12.479513697347452,11.34906363038082,11.874507324543696,11.874507324543696,,,12.120996475219728
2017-06-15,12.265801429748535,12.45319585067578,12.231729790701031,12.265801429748535,12898700,0.0,0,-0.0068965639719489324,1.06122117758225,11.93568720817566,12.520006048700754,11.351368367650565,11.874507324543696,11.874507324543696,,,12.265801429748535
2017-06-16,12.240247620093896,12.299872783963275,12.172104343576908,12.231729507446287,22663000,0.0,0,-0.002777798295316658,1.058273319204208,11.953687572479248,12.551191631658448,11.35618351330005,11.874507324543696,11.874507324543696,,,12.402087211608888
2017-06-19,12.308391007377615,12.461713787086598,12.2743193688125,12.350980758666992,10083300,0.0,0,0.009749336849552481,1.0685907822720238,11.97426085472107,12.596493030791107,11.352028678651033,11.976193271099588,11.874507324543696,,,12.308388710021973
2017-06-20,12.308391322498702,12.308391322498702,12.1380331253116,12.155069351196287,13928100,0.0,0,-0.01586201219957606,1.0516407822472704,11.985886001586914,12.612540605821787,11.359231397352042,12.018781337972689,11.874507324543696,,,12.257284164428713
2017-06-21,12.163585276451574,12.180621500409952,11.882494079793272,11.89101219177246,13669600,0.0,0,-0.021724035609705483,1.0287949004451122,11.967360687255859,12.581988328612365,11.352733045899353,12.197657402977558,11.874507324543696,,,12.350980758666992
2017-06-22,11.856941609437287,11.950638412535834,11.729173167727277,11.788798332214355,11788300,0.0,0,-0.008595892251193393,1.0199514903323088,11.952198457717895,12.56875424776299,11.335642667672799,12.12099694694456,11.874507324543696,,,12.43616008758545
2017-06-23,11.848423380284968,11.873976905909506,11.46511724658916,11.55881404876709,23569200,0.0,0,-0.019508713014354084,1.0000535494188532,11.92511339187622,12.560735805528324,11.289490978224116,11.96341551683788,11.874507324543696,,,12.512822151184082
2017-06-26,11.57584972200857,11.79731576641114,11.541778085356782,11.712136268615724,20666600,0.0,0,0.013264528627397354,1.01331878835405,11.912049674987793,12.553941620180035,11.270157729795551,11.96341551683788,11.874507324543696,,,12.632070541381836
2017-06-27,11.814351092678471,11.96767386266278,11.754725932054304,11.925084114074709,22856900,0.0,0,0.01818181077943981,1.0317427588231545,11.916412353515625,12.557402914087294,11.275421792943956,11.96341551683788,11.874507324543696,,,12.691697120666504
2017-06-28,12.018781590672658,12.146550843661243,11.959156426677144,12.00174617767334,20979100,0.0,0,0.006428639233508671,1.0383754608014135,11.930116128921508,12.566024248130885,11.294208009712131,11.96341551683788,11.874507324543696,,,12.72576904296875
2017-06-29,12.461713016267108,12.64910742294992,12.333943770302144,12.487266540527344,32447100,0.0,0,0.040454143560976874,1.0803820507628694,11.970214319229125,12.639932387939123,11.300496250519128,12.05711233476954,11.942650672937734,,,12.666141510009766
2017-06-30,12.546891628549927,12.615035713402222,12.325426399024536,12.47023105621338,13453000,0.0,0,-0.0013642284529343796,1.078908162829179,12.020052909851074,12.682725776201783,11.357380043500365,12.05711233476954,11.942650672937734,,,12.657625198364258
2017-07-03,12.580964834082629,12.751323025633347,12.512820745130403,12.67466163635254,9366200,0.0,0,0.016393487756371616,1.0965952305867686,12.080536794662475,12.750378397553469,11.410695191771481,12.108220136111253,11.993758474279447,11.95646268070421,,12.50430393218994
2017-07-05,12.691696871084996,12.725768508916598,12.50430326917714,12.649107933044434,14363700,0.0,0,-0.002016125088090348,1.0943843574309025,12.141014003753662,12.786142860614184,11.49588514689314,12.108220136111253,11.993758474279447,11.95646268070421,,12.180624961853027
2017-07-06,12.64059066896637,12.751323702434693,12.512821409272778,12.529857635498049,11626900,0.0,0,-0.009427565815519401,1.0840669768737476,12.188714265823364,12.79943548249693,11.577993049149798,12.108220474511928,11.99375881268012,11.992476305532273,,11.984710693359377
2017-07-07,12.60651977631464,12.623555191217998,12.410607224767858,12.512822151184082,13656500,0.0,0,-0.0013595912108134156,1.082593088940057,12.216823482513428,12.832911376574172,11.600735588452684,12.146550893895737,11.99375881268012,11.939515073121006,,12.274319648742676
2017-07-10,12.487266267018176,12.615035510184606,12.436159219617103,12.56392765045166,9640200,0.0,0,0.004084250431285907,1.0870146702304675,12.231729793548585,12.866190826315679,11.59726876078149,12.253024817244498,11.99375881268012,11.939515073121006,,12.333945274353027
2017-07-11,12.572445762462465,12.657624445574877,12.49578437902898,12.56392765045166,10827300,0.0,0,0.0,1.0870146702304675,12.248339700698853,12.89929121080437,11.597388190593337,12.355240064555918,11.99375881268012,11.884436267648393,,12.214693069458008
2017-07-12,12.487269228001985,12.572448743644053,12.402090524691978,12.461715698242188,11351700,0.0,0,-0.008135350270486286,1.0781714251389856,12.257283544540405,12.91483909433578,11.59972799474503,12.538375050729615,11.99375881268012,11.884436267648393,,11.916566848754885
2017-07-13,12.504302952834244,12.649107613038163,12.444676978888458,12.623553276062012,15767700,0.0,0,0.012986781414268123,1.0921734017643756,12.270912170410156,12.946913341531097,11.594910999289215,12.538375050729615,12.095444759236013,11.780632230335112,,11.97619342803955
2017-07-14,12.44467795357416,12.572447211466294,12.299873282028924,12.50430393218994,11022500,0.0,0,-0.00944657508581237,1.0818561037178813,12.282837295532227,12.966511814463836,11.599162776600618,12.525598492231808,12.108220474511928,11.763684569712598,,11.95915699005127
2017-07-17,12.495784937986,12.58948173730043,12.385051913887908,12.52133846282959,8545900,0.0,0,0.0013622933937009751,1.0833299091409112,12.297317743301392,12.988357479562398,11.606278007040386,12.525598492231808,12.108220474511928,11.748855868728485,,12.12951374053955
2017-07-18,12.393571748218877,12.495786674126682,12.282838708735747,12.385053634643556,9975200,0.0,0,-0.01088420607673879,1.0715387231607267,12.29902138710022,12.99075710431052,11.60728566988992,12.517081205585221,12.108220474511928,11.80087973469593,,12.189142227172852
2017-07-19,12.402090363321486,12.46171553609588,12.214695918746465,12.32542896270752,14924100,0.0,0,-0.004814244144187962,1.0663800741374796,12.307539367675782,12.996129297713853,11.61894943763771,12.43616018216067,12.108220474511928,11.874507324543696,,12.308388710021973
2017-07-20,12.350982327835633,12.385053970729484,12.16358788575343,12.189142227172852,18573000,0.0,0,-0.011057362461543874,1.0545887231359734,12.3224458694458,12.986533946886322,11.65835779200528,12.410606165664152,12.108220474511928,11.874507324543696,,12.308388710021973
2017-07-21,12.112479174907428,12.240247615243163,11.93360287103824,12.120996475219728,19775300,0.0,0,-0.005590692985861456,1.0486928413585686,12.33905577659607,12.963974255803697,11.714137297388442,12.295613658306557,12.108220474511928,11.874507324543696,,12.172104835510254
2017-07-24,12.14655109924825,12.325427407330633,12.112479460200747,12.265801429748535,14459900,0.0,0,0.011946621288509318,1.0612211775822502,12.374405145645142,12.887695251160443,11.86111504012984,12.2913552420382,12.108220474511928,11.874507324543696,,12.06136989593506
2017-07-25,12.393569099853789,12.58096349680672,12.350979353410144,12.402087211608888,18396700,0.0,0,0.011111037679920166,1.0730124460730959,12.4089026927948,12.821369560696509,11.996435824893092,12.2913552420382,12.108220474511928,11.874507324543696,,12.12951374053955
2017-07-26,12.504301204453348,12.563926357730304,12.265798966681952,12.308388710021973,21764100,0.0,0,-0.007555059079024207,1.0649057736504854,12.428067922592163,12.779291135153628,12.076844710030699,12.261542304169335,12.108220474511928,11.925350297821641,,12.018781661987305
2017-07-27,12.32542744271937,12.350980968995378,12.180622773268729,12.257284164428713,19114400,0.0,0,-0.004152009397594747,1.0604842748707357,12.440844821929932,12.743907349186847,12.137782294673018,12.261542304169335,12.108220474511928,11.946644331258192,,12.120996475219728
2017-07-28,12.265801256088238,12.39357050995637,12.19765797895801,12.350980758666992,16575100,0.0,0,0.00764415615901215,1.0685907822720244,12.434030532836914,12.738753688607156,12.129307377066672,12.25728318392248,12.108220474511928,12.036082363760627,,11.61843967437744
2017-07-31,12.402088449496116,12.504303363764114,12.3935703368908,12.43616008758545,13453700,0.0,0,0.0068965639719489324,1.0759603869617984,12.432326984405517,12.736597289180166,12.128056679630868,12.25728318392248,12.108220474511928,11.997752135744129,,11.601404190063477
2017-08-01,12.504304849898416,12.58096624779359,12.41912533838555,12.512822151184082,16128000,0.0,0,0.006164448114105658,1.0825930889400575,12.424235010147095,12.710157929704126,12.138312090590064,12.257284559415915,12.146550893895737,11.918961420690788,,11.292720794677734
2017-08-02,12.52133752557242,12.649106764890291,12.470230479710748,12.632070541381836,13687900,0.0,0,0.00953009550978634,1.0929103044758908,12.423383140563965,12.706682267729486,12.140084013398445,12.291354817964265,12.253024817244498,11.918961420690788,,11.36988925933838
2017-08-03,12.649108181788431,12.751323097293293,12.555410566660024,12.691697120666504,18065400,0.0,0,0.00472025382452812,1.0980691185204592,12.431475114822387,12.73521435574867,12.127735873896103,12.43190127874702,12.342463286736466,11.918961420690788,,11.592830657958984
2017-08-04,12.810948547288378,13.015378382857138,12.61503682461797,12.72576904296875,32547300,0.0,0,0.002684583628044912,1.101016976898501,12.442122459411621,12.770714232087284,12.113530686735958,12.598000578062933,12.474490626947688,11.918961420690788,,11.747173309326172
2017-08-07,12.768356408689918,12.776874519996216,12.657623398703468,12.666141510009766,9644900,0.0,0,-0.0046855740315301375,1.0958580803432716,12.447233152389526,12.786370192934829,12.108096111844223,12.598000578062933,12.474490626947688,11.999881503853636,,11.781469345092772
2017-08-08,12.640589785661374,12.870573137307794,12.62355356062657,12.657625198364258,16854200,0.0,0,-0.0006723682692774124,1.0951212601424176,12.451918029785157,12.799943490850973,12.10389256871934,12.598000578062933,12.474490626947688,11.999881503853636,,11.738597869873049
2017-08-09,12.546892872488687,12.623554264757574,12.427642539921056,12.50430393218994,12848400,0.0,0,-0.012112956717515333,1.0818561037178818,12.454047441482544,12.802815045289499,12.105279837675589,12.606518180907575,12.474490626947688,12.050989305195351,11.993758474279447,11.790044784545898
2017-08-10,12.402091062256124,12.436162707523362,12.155071430985624,12.180624961853027,14306000,0.0,0,-0.025885404904759435,1.053851820424459,12.431901025772095,12.791013557655718,12.072788493888472,12.58522490692138,12.474490626947688,12.050989305195351,11.993758474279447,12.021556854248049
2017-08-11,12.146551594685192,12.265801930049497,11.925085525677224,11.984710693359377,18741400,0.0,0,-0.016084090028812947,1.0369015728677236,12.405921363830567,12.812868851719886,11.998973875941248,12.470231954267181,12.470231954267181,12.050989643596024,11.99375881268012,12.13302993774414
2017-08-14,12.112479564950418,12.325427513921891,12.112479564950418,12.274319648742676,12035900,0.0,0,0.024164868288707897,1.0619581628044261,12.39357042312622,12.800753096257594,11.986387749994847,12.470231954267181,12.470231954267181,12.070154853287928,11.99375881268012,12.270222663879396
2017-08-15,12.427642895286242,12.495786176511134,12.325427973448909,12.333945274353027,10524400,0.0,0,0.004857754019503613,1.067116894338334,12.391015005111694,12.799029064119365,11.983000946104022,12.470231954267181,12.470231954267181,12.123391814962309,11.99375881268012,12.373119354248049
2017-08-16,12.385051246454465,12.436159105719335,12.19765684559243,12.214693069458008,10905900,0.0,0,-0.009668617967925508,1.0567993487598575,12.385478210449218,12.79992692398735,11.971029496911086,12.470231954267181,12.470231954267181,12.17449943861802,11.99375881268012,12.364543914794922
2017-08-17,12.163586433322164,12.265801349798425,11.891013322718806,11.916566848754885,14048100,0.0,0,-0.02440718068050085,1.03100585611164,12.37184944152832,12.827568275795704,11.916130607260937,12.3807932300133,12.453195852787971,12.266066931704867,11.99375881268012,12.415989875793455
2017-08-18,11.848424166771794,12.120997291078496,11.83138875266862,11.97619342803955,14369600,0.0,0,0.0050036709432714765,1.0361646701562086,12.364609289169312,12.840420119336631,11.888798459001993,12.350980944988207,12.42338356776288,12.316909904982815,11.99375881268012,12.613204002380373
2017-08-21,11.976193216185068,11.984710516919996,11.873977484046229,11.95915699005127,9522600,0.0,0,-0.001422525286573495,1.0346906997118572,12.349277067184449,12.85594225646584,11.842611877903058,12.227471508713098,12.42338356776288,12.316909483371868,11.99375881268012,12.904739379882812
2017-08-22,12.018780720895757,12.180621600502793,12.018780720895757,12.12951374053955,10391600,0.0,0,0.014244879520354026,1.0494297440700835,12.335648393630981,12.850584851500253,11.82071193576171,12.163587464589877,12.42338356776288,12.316909483371868,11.99375881268012,12.896166801452637
2017-08-23,12.0358194279845,12.325428798748254,12.010265898897122,12.189142227172852,12878200,0.0,0,0.004915983270954216,1.0545887231359738,12.329686069488526,12.848536108539722,11.81083603043733,12.163587464589877,12.42338356776288,12.312650840048574,11.99375881268012,13.05908489227295
2017-08-24,12.248763556745018,12.325424932290696,12.197655702270636,12.308388710021973,9752700,0.0,0,0.009783008568337914,1.0649057736504857,12.332241296768188,12.850132003865028,11.81435058967135,12.163587464589877,12.42338356776288,12.272190328336299,11.99375881268012,13.05908489227295
2017-08-25,12.350978453361993,12.419121717773308,12.291353300085037,12.308388710021973,7536100,0.0,0,0.0,1.0649057736504857,12.330111694335937,12.848027206354585,11.812196182317289,12.163587464589877,12.42338356776288,12.25941332008804,11.99375881268012,13.007636070251465
2017-08-28,12.31690950704409,12.359499259671448,12.146551308866623,12.172104835510254,15370400,0.0,0,-0.011072438295741449,1.053114670180962,12.316908931732177,12.836818167343264,11.796999696121091,12.133773929193978,12.42338356776288,12.201917066409242,11.99375881268012,12.93903923034668
2017-08-29,12.010262850731106,12.103959641826242,11.899529836346762,12.06136989593506,13823000,0.0,0,-0.009097435576806867,1.0435340273140004,12.294336318969727,12.817488102596178,11.771184535343275,12.125255235220964,12.42338356776288,12.199787858275064,11.99375881268012,13.093381881713867
2017-08-30,12.069888580859,12.189139712551976,12.052852356760626,12.12951374053955,9641700,0.0,0,0.005649759952014666,1.0494297440700835,12.269208478927613,12.77276052296209,11.765656434893137,12.125255235220964,12.42338356776288,12.199787858275064,11.99375881268012,13.04193115234375
2017-08-31,12.163586328834423,12.180622554266762,12.018781661987305,12.018781661987305,10356300,0.0,0,-0.009129144079548235,1.0398493487351044,12.235562705993653,12.710511988800048,11.760613423187257,12.146549600909768,12.42338356776288,12.184881389340632,11.99375881268012,12.870442390441896
2017-09-01,12.035817785773215,12.231729502598933,12.018781560484753,12.120996475219728,8064300,0.0,0,0.008504590241097842,1.048692841358569,12.205324077606202,12.624783871456579,11.785864283755824,12.159325777060035,12.42338356776288,12.184881389340632,11.99375881268012,12.999062538146973
2017-09-05,12.04433554614936,12.04433554614936,11.584368037128964,11.61843967437744,14188000,0.0,0,-0.041461673705600055,1.0052122809527615,12.152938985824585,12.590608800472559,11.715269171176612,12.001744877451136,12.299873209993052,12.182751829217203,11.99375881268012,12.896166801452637
2017-09-06,11.678065581848552,11.7121372212717,11.558814437701551,11.601404190063477,9733600,0.0,0,-0.0014662454504568156,1.003738393019071,12.100127935409546,12.536340660373309,11.663915210445783,11.988968077737429,12.287096410279345,12.182751829217203,11.99375881268012,12.784696578979492
2017-09-07,11.584256616323934,11.670001917096846,11.172676392312948,11.292720794677734,11124700,0.09,0,-0.026607416682381202,0.9770315073559089,12.039548778533936,12.563209716865394,11.515887840202478,11.795899055043128,12.094027387585044,12.201917726655825,11.99375881268012,12.71609878540039
2017-09-08,11.266994433818825,11.481358858085072,11.258419660591684,11.36988925933838,12265400,0.0,0,0.006833469636211564,0.9837080224950475,11.999011993408203,12.594177898707873,11.403846088108534,11.766087825992198,12.094027387585044,12.272189817604382,11.99375881268012,12.827569961547852
2017-09-11,11.524233276852668,11.69572550301515,11.472786263192354,11.592830657958984,13296600,0.0,0,0.019608053652545143,1.0029966221785696,11.979417991638183,12.60069608725564,11.358139896020726,11.702202947455941,12.094027387585044,12.387182282741744,11.99375881268012,12.673227310180664
2017-09-12,11.644278457327086,11.892941220758775,11.627129724195036,11.747173309326172,11801600,0.0,0,0.01331362942502956,1.0163501475208114,11.953060674667359,12.566655836469307,11.339465512865411,11.702202947455941,12.02162476481037,12.53624560250531,12.125786152891344,12.776122093200684
2017-09-13,11.721447563981036,11.86721544759706,11.695724060323924,11.781469345092772,11526900,0.0,0,0.0029195139003672654,1.0193173959041388,11.925436878204346,12.517073798059384,11.333799958349308,11.702202947455941,12.02162476481037,12.53624560250531,12.125786152891344,12.836142539978027
2017-09-14,11.781470926881356,11.910090097906286,11.72144913771105,11.738597869873049,13712700,0.0,0,-0.0036388903594253286,1.0156082116589886,11.901632118225098,12.482909968505364,11.320354267944833,11.702202947455941,11.898115328535262,12.53624560250531,12.125786152891344,13.050506591796877
2017-09-15,11.721448225763742,11.807194333109178,11.70429867720046,11.790044784545898,13642200,0.0,0,0.004382713782613568,1.020059331765962,11.895306015014649,12.4785680660887,11.312043963940598,11.608505969231153,11.834231284412041,12.540504403927631,12.125786152891344,12.964761734008787
2017-09-18,11.841490711912074,12.081578629114922,11.807192438025952,12.021556854248049,12525000,0.0,0,0.019636233274161086,1.0400894547580033,11.897574186325073,12.482444847321919,11.312703525328228,11.627127510713935,11.834231284412041,12.529857766934533,12.125786152891344,13.23914909362793
2017-09-19,12.00441156945142,12.15017948964218,11.978688059340003,12.13302993774414,12606100,0.0,0,0.00927276598593818,1.0497339608764162,11.906267833709716,12.499741115333169,11.312794552086263,11.661427940977564,11.834231284412041,12.470231954267181,12.125786152891344,13.350616455078123
2017-09-20,12.115879983284824,12.295946171399969,11.935813795169675,12.270222663879396,15824300,0.0,0,0.011307375555752008,1.061603697005673,11.913303279876711,12.520523305181438,11.306083254571984,11.777182915995827,11.834231284412041,12.470231954267181,12.125786152891344,13.556407928466797
2017-09-21,12.201627097944842,12.398842865599256,12.201627097944842,12.373119354248049,9552100,0.0,0,0.008385886156047961,1.0705061847516022,11.92250213623047,12.55158007164334,11.2934242008176,11.935814564395805,11.804417749016142,12.470231954267181,12.125786152891344,13.47923755645752
2017-09-22,12.304522118949082,12.373118690697368,12.25307428127005,12.364543914794922,10885800,0.0,0,-0.0006930701311130827,1.069764248889779,11.925309896469118,12.561790423151393,11.288829369786843,12.012986294897146,11.795899055043128,12.470231954267181,12.125786152891344,13.376340866088867
2017-09-25,12.32166980211792,12.48458725942679,12.32166980211792,12.415989875793455,11470500,0.0,0,0.0041607649544577185,1.0742152864860912,11.930689954757693,12.581842590441273,11.279537319074112,12.090155659875357,11.82863182586987,12.416994541400635,12.125786152891344,13.273447036743164
2017-09-26,12.433137835501618,12.664651829089498,12.407414331014786,12.613204002380373,12869000,0.0,0,0.015883882683523476,1.0912779960734837,11.952744913101197,12.662980038723603,11.242509787478792,12.18447525314498,11.918664110701222,12.387182256375542,12.227472099447235,13.342044830322266
2017-09-27,12.810418503455924,13.01620898619204,12.7418219484557,12.904739379882812,12811100,0.0,0,0.023113506881155654,1.116501257544982,11.994913387298585,12.818382047327123,11.171444727270046,12.360253831696252,12.094442689252494,12.325427538237989,12.24024781472315,13.470661163330078
2017-09-28,12.930465084791518,12.999061651469278,12.801846726704612,12.896166801452637,11072200,0.0,0,-0.0006642969050223435,1.1157595692151412,12.03324604034424,12.945784019227501,11.120708061460979,12.411700712108996,12.094442689252494,12.293485516176379,12.24024781472315,13.556407928466797
2017-09-29,12.904743008985765,13.144831019004684,12.896168232765458,13.05908489227295,10157800,0.0,0,0.012633063244960496,1.1298550304192059,12.085261201858522,13.102372616478807,11.068149787238237,12.54032240708718,12.158753705658816,12.293485516176379,12.24024781472315,13.616432189941406
2017-10-02,12.939041296131323,13.067659668493256,12.853295169399592,13.05908489227295,13231500,0.0,0,0.0,1.1298550304192059,12.132165622711183,13.235389924629816,11.02894132079255,12.54032240708718,12.158753705658816,12.293485516176379,12.24024781472315,13.264873504638672
2017-10-03,13.076232635049273,13.127680467515406,12.913315998088368,13.007636070251465,9730900,0.0,0,-0.003939695809154764,1.125403745290911,12.201625442504884,13.341450446916916,11.061800438092853,12.673229058474764,12.158753705658816,12.293485516176379,12.24024781472315,13.170551300048828
2017-10-04,12.96476273716504,13.024784525653065,12.904740948677018,12.93903923034668,9423700,0.0,0,-0.0052735823430413165,1.1194688359709521,12.268507194519044,13.416643508099973,11.120370880938115,12.698952650137368,12.158753705658816,12.278578748478429,12.24024781472315,13.101956367492676
2017-10-05,12.947613980462402,13.110530613648166,12.861867867584293,13.093381881713867,9283000,0.0,0,0.011928447593326563,1.132822361313194,12.35854024887085,13.467817083836797,11.249263413904904,12.733250410561302,12.158753705658816,12.274319401491923,12.24024781472315,13.007636070251465
2017-10-06,13.179124248274109,13.27344429729239,12.999058105431674,13.04193115234375,13544400,0.0,0,-0.003929521787031431,1.1283709111635774,12.44214234352112,13.490489968549484,11.393794718492755,12.840429314153589,12.223060344802668,12.274319401491923,12.24024781472315,13.23914909362793
2017-10-09,13.050508569772164,13.067657301370726,12.861867615774852,12.870442390441896,9380700,0.0,0,-0.0131490313741639,1.1135339266509936,12.506022930145265,13.49282359695105,11.519222263339481,13.007633122874044,12.223060344802668,12.284966584336324,12.24024781472315,13.45351505279541
2017-10-10,12.861869395433384,13.016212089853989,12.853294619579875,12.999062538146973,9550800,0.0,0,0.009993451957843735,1.1246619744504094,12.568617391586304,13.512360048031224,11.624874735141384,13.037645511998502,12.223060344802668,12.291354672411458,12.24024781472315,13.547834396362305
2017-10-11,12.9647633681304,12.973338143399014,12.784697176167382,12.896166801452637,13462700,0.0,0,-0.007915627484088028,1.115759569215141,12.624352264404298,13.504411516849679,11.744293011958916,13.029070736729885,12.223060344802668,12.150809043722095,12.24024781472315,13.462087631225586
2017-10-12,12.93046448079464,12.9904862694001,12.7589730721108,12.784696578979492,10460500,0.0,0,-0.008643670959698535,1.1061153106287103,12.676657199859621,13.457688358173712,11.89562604154553,13.016208684701596,12.223060344802668,12.138032244008386,12.24024781472315,13.547834396362305
2017-10-13,12.750397063819277,12.836143168734225,12.536032619267369,12.71609878540039,9731800,0.0,0,-0.005365617647265064,1.1001803187980908,12.722959899902346,13.388329828566876,12.057589971237816,12.90473845827988,12.265931978942037,11.944963221314087,12.094027387585044,13.59928035736084
2017-10-16,12.73324988880884,12.844718693984234,12.724675113722869,12.827569961547852,6797800,0.0,0,0.008766145814740334,1.1098246598951824,12.763260555267333,13.345404583580237,12.18111652695443,12.90473845827988,12.373115280242372,11.93005760678862,12.094027387585044,13.427789688110352
2017-10-17,12.827569991141996,12.861868273829456,12.647503802598964,12.673227310180664,8543500,0.0,0,-0.01203210365095242,1.0964711345529405,12.79027042388916,13.297491058347436,12.283049789430883,12.90473845827988,12.450287010743713,11.898115167520492,12.094027387585044,13.342044830322266
2017-10-18,12.75039858574994,12.827569925837732,12.664653288335604,12.776122093200684,7211100,0.0,0,0.008119067109082945,1.1053734572775482,12.815565395355225,13.26282796698653,12.368302823723921,12.90473845827988,12.484584178808156,11.861913856133157,12.094027387585044,13.350616455078123
2017-10-19,12.656076382665232,12.887589546218583,12.587479829187544,12.836142539978027,10489700,0.0,0,0.004697861083316157,1.110566348225023,12.838716554641724,13.236688583887581,12.440744525395868,12.801844960319048,12.488871487246424,11.861913856133157,12.094027387585044,13.307744979858398
2017-10-20,13.016208316062585,13.076230094163746,12.939036991226576,13.050506591796877,10315400,0.0,0,0.01670003672452336,1.1291128470254006,12.873014688491821,13.215408861390753,12.53062051559289,12.806131356715557,12.488871487246424,11.800159137995601,12.094027387585044,13.71932601928711
2017-10-23,13.093380893619688,13.144827903275669,12.91331472435281,12.964761734008787,16399200,0.0,0,-0.006570232135048704,1.121694313513778,12.900453281402587,13.171856256943848,12.629050305861327,12.840430261271518,12.540318367659172,11.721368626821597,12.094027387585044,14.20807647705078
2017-10-24,12.91331582409635,13.307746475237025,12.870442767241496,13.23914909362793,20275500,0.0,0,0.021164088106561785,1.1454339507936129,12.931750535964966,13.20781150375134,12.655689568178591,12.921889547252196,12.62178013520335,11.730679397562987,12.094027387585044,14.225226402282717
2017-10-25,13.247721626680336,13.556406929609109,13.187699847882142,13.350616455078123,19364600,0.0,0,0.008419526108656372,1.155077961848061,12.954044389724732,13.2849917935682,12.623096985881265,13.046219774438239,12.746110362389391,11.747829612694803,12.094027387585044,14.276670455932615
2017-10-26,13.376341761069254,13.616429711687491,13.376341761069254,13.556407928466797,18389300,0.0,0,0.015414379858871508,1.1728827723185982,12.987056446075439,13.408725487971926,12.565387404178951,13.101954770437517,12.909028404816166,11.805707100203934,12.094027387585044,14.533912658691406
2017-10-27,13.50496106284938,13.590707174469618,13.453513232330131,13.47923755645752,11897800,0.0,0,-0.005692538349132192,1.166206092158138,13.008064079284669,13.481297664919905,12.534830493649432,13.101954770437517,12.93475199647877,11.870116156705974,12.094027387585044,14.465314865112305
2017-10-30,13.376340866088864,13.470660921658569,13.324893042673768,13.376340866088867,10514800,0.0,0,-0.0076337174070618685,1.157303604412209,13.023926877975464,13.523755530663951,12.524098225286977,13.101954770437517,12.969049756902706,11.904442674970138,12.094027387585044,14.388141632080078
2017-10-31,13.367767922963292,13.444939259785023,13.273447036743164,13.273447036743164,12445400,0.0,0,-0.0076922254281479585,1.148401364198262,13.03721742630005,13.548733909438102,12.525700943161997,13.101954770437517,13.01192202135114,11.959393742872614,12.094027387585044,14.629525184631348
2017-11-01,13.324895280392084,13.522111015911436,13.290596998267263,13.342044830322266,9210600,0.0,0,0.005168046656547576,1.1543363560288815,13.057367706298828,13.583528989643073,12.531206422954584,13.243436239464494,13.07623116547743,12.051569681923102,12.094027387585044,14.72435188293457
2017-11-02,13.290595004749855,13.51353421398926,13.136252349470974,13.470661163330078,15041900,0.0,0,0.00963992661121238,1.1654640737856543,13.076231670379638,13.632721343860027,12.51974199689925,13.243436239464494,13.07623116547743,12.227348260474372,12.094442689252494,14.638145446777344
2017-11-03,13.402065265630196,13.625004485786294,13.384915717432593,13.556407928466797,12768800,0.0,0,0.006365445919621182,1.1728827723185984,13.10195550918579,13.696418047060199,12.507492971311382,13.247723626513896,13.080518552526831,12.253071700680746,12.094442689252494,14.922635078430176
2017-11-06,13.53068606881811,13.6507304748436,13.48781300825646,13.616432189941406,9596100,0.0,0,0.004427740872902319,1.1780759933087164,13.139254999160766,13.764106610812401,12.51440338750913,13.393491412157287,13.093381547055484,12.349538056372998,12.158753705658816,14.72435188293457
2017-11-07,13.599281551262862,13.693602440503984,13.239149179717158,13.264873504638672,16027500,0.0,0,-0.025818707896363202,1.1476595933577607,13.152545547485351,13.77619767943783,12.528893415532872,13.41492739498748,13.114817529885677,12.349538056372998,12.158753705658816,14.577801704406738
2017-11-08,13.213424352900718,13.290595684487029,13.033358185111153,13.170551300048828,13251300,0.0,0,-0.007110675013739076,1.1394989589629938,13.166264772415161,13.778601686192081,12.553927858638241,13.363480312807567,13.114817529885677,12.415991382066789,12.158753705658816,14.758838653564451
2017-11-09,13.084807634866404,13.26487382498789,12.947614502913952,13.101956367492676,16629100,0.0,0,-0.005208205108004682,1.1335642146643568,13.182127761840821,13.76978197658466,12.594473547096982,13.320608471708969,13.114817529885677,12.428853177898091,12.158753705658816,14.939874649047852
2017-11-10,13.153403974880694,13.239149272010176,12.99906129521785,13.007636070251465,11869900,0.0,0,-0.007198947591920635,1.1254037452909114,13.196704626083374,13.750529731618673,12.642879520548075,13.320608471708969,13.114817529885677,12.446002058110059,12.158753705658816,14.91400909423828
2017-11-13,12.956188063215658,13.282022150482783,12.91331582409635,13.23914909362793,12688500,0.0,0,0.017798239597580423,1.1454339507936133,13.217283582687378,13.744373291794096,12.69019387358066,13.303459132300166,13.114817529885677,12.531744829478129,12.223060344802668,14.870903968811035
2017-11-14,13.1962783185977,13.504962890276332,13.170553990989422,13.45351505279541,12554000,0.0,0,0.016191823028162355,1.1639806146153124,13.256297969818116,13.728636980454791,12.78395895918144,13.303459132300166,13.114817529885677,12.615346733838356,12.223060344802668,15.077807426452637
2017-11-15,13.35061866268745,13.63357969200462,13.273447324194487,13.547834396362305,16554100,0.0,0,0.007010758392639982,1.172141001478097,13.294883584976196,13.72806915244822,12.861698017504171,13.303459132300166,13.114817529885677,12.630352928400585,12.223060344802668,15.060566902160645
2017-11-16,13.710750366699864,13.710750366699864,13.41921457661233,13.462087631225586,17455500,0.0,0,-0.006329186099273687,1.1647223029451532,13.326180839538575,13.709315269500722,12.943046409576427,13.312033095398107,13.123391492983616,12.626065540766277,12.223060344802668,14.957114219665527
2017-11-17,13.376342987342133,13.625005734855268,13.32489515576831,13.547834396362305,10911400,0.0,0,0.0063694998491785615,1.1721410014780973,13.351047229766845,13.72368585443971,12.97840860509398,13.312033095398107,13.123391492983616,12.619634514752132,12.223060344802668,14.91400909423828
2017-11-20,13.547833347505524,13.650728184951634,13.49638551991473,13.59928035736084,11253000,0.0,0,0.003797356794702944,1.17659203907441,13.382773160934448,13.724940049359097,13.0406062725098,13.312033095398107,13.149115097943703,12.585335218610957,12.223060344802668,14.982975006103516
2017-11-21,13.633579374136556,13.642154148821527,13.41921491342538,13.427789688110352,13636500,0.0,0,-0.012610275304580032,1.1617548895405045,13.392205190658569,13.72829658731019,13.056113794006947,13.312033095398107,13.149115097943703,12.638926869261127,12.223060344802668,14.896767616271973
2017-11-22,13.487811916051072,13.487811916051072,13.324895280392084,13.342044830322266,9616100,0.0,0,-0.006385627104661062,1.1543363560288822,13.391776609420777,13.72810337580115,13.055449843040405,13.312033095398107,13.149115097943703,12.677512734511797,12.223060344802668,14.974359512329102
2017-11-24,13.376340775479123,13.436362554277318,13.333467725879528,13.350616455078123,3487100,0.0,0,0.0006424521027224017,1.1550779618480618,13.381487035751343,13.709435294857661,13.053538776645025,13.312033095398107,13.149115097943703,12.694661318544018,12.223060344802668,15.000218391418455
2017-11-27,13.384915492242904,13.402065040151983,13.264871927821147,13.307744979858398,7915600,0.0,0,-0.0032111981768015996,1.1513687776029116,13.372912406921387,13.69913361203195,13.046691201810823,13.440652178844644,13.290596566970681,12.645358223782736,12.223060344802668,15.1209135055542
2017-11-28,13.35061887084339,13.736475569324282,13.333470138541768,13.71932601928711,14585000,0.0,0,0.03092793257247184,1.1869782335226637,13.3900616645813,13.749911427395023,13.030211901767576,13.500673748572716,13.303459168282888,12.64750142198099,12.223060344802668,15.077807426452637
2017-11-29,13.865093660180577,14.31097213984738,13.856518885324936,14.20807647705078,18101100,0.0,0,0.035624961246388365,1.2292642870922152,13.43679313659668,13.93998898451235,12.93359728868101,13.787922033834263,13.590707453544438,12.690374314465345,12.223060344802668,15.060566902160645
2017-11-30,14.302397742549582,14.525336988268185,14.173779387261844,14.225226402282717,19716300,0.0,0,0.0012070546818661043,1.2307480763052008,13.480952215194701,14.088563858491453,12.87334057189795,13.895104458044667,13.719326406182267,12.771834841227772,12.240211433774986,15.327814102172852
2017-12-01,14.233798224886614,14.34526700688869,13.762195506026686,14.276670455932615,16312600,0.0,0,0.003616396125804,1.2351989488801915,13.52125267982483,14.221697305692416,12.820808053957244,13.895104458044667,13.719326406182267,12.896165068413815,12.364541660961027,15.586433410644531
2017-12-04,14.576784901271362,14.679680573122967,14.456741313670506,14.533912658691406,16551300,0.0,0,0.018018361042430264,1.2574552095003453,13.570127916336059,14.399618325815563,12.740637506856554,13.972276250472056,13.796498198609658,13.005491587626842,12.39455305200022,15.689887046813965
2017-12-05,14.611082767207844,14.7225515697651,14.388143526622253,14.465314865112305,11927000,0.0,0,-0.004719843526655554,1.2515202176697258,13.612572050094604,14.530375086437825,12.694769013751383,13.993711748793125,13.817933696930725,13.018353383458145,12.39455305200022,15.758851051330566
2017-12-06,14.405289544120205,14.576781748288417,14.336692989547094,14.388141632080078,8467500,0.0,0,-0.005335053799510048,1.2448432899772832,13.668735456466674,14.631430655045591,12.706040257887757,13.993711748793125,13.817933696930725,13.03550226367011,12.39455305200022,15.655404090881348
2017-12-07,14.353659316397565,14.63814619854994,14.293313863257708,14.629525184631348,9865000,0.09,0,0.016776562166518794,1.265727480819161,13.7416841506958,14.762334238175395,12.721034063216205,13.993711748793125,13.817933696930725,13.056938395894328,12.39455305200022,15.82781982421875
2017-12-08,14.664006441313154,14.750214919753734,14.569176950599518,14.72435188293457,8342900,0.0,0,0.006481871223191771,1.2739317633534857,13.822803926467895,14.884694604298247,12.760913248637543,14.04184252914775,13.83176537192504,13.159833702470962,12.39455305200022,15.646780967712402
2017-12-11,14.698490896818033,14.810562427713762,14.586421010212495,14.638145446777344,7813600,0.0,0,-0.005854684596144355,1.266473294682041,13.904329395294189,14.953515943580529,12.85514284700785,14.286378966870224,13.861939125905057,13.159833702470962,12.39455305200022,16.095067977905273
2017-12-12,14.741598694774847,14.991601554721324,14.68987424862911,14.922635078430176,10874900,0.0,0,0.019434813835345732,1.2910869673916234,13.988503694534302,15.080446380019742,12.896561009048861,14.376898530374005,13.952458689408836,13.164121089520364,12.398840439049621,16.517484664916992
2017-12-13,14.896768839815737,15.008838710785517,14.715730870661517,14.72435188293457,12385000,0.0,0,-0.013287411670490634,1.2739317633534857,14.052045536041259,15.160026848770155,12.944064223312363,14.385517108406102,13.961077267440933,13.243436479606386,12.411703433578275,16.689899444580078
2017-12-14,14.75883972002612,14.810564162650062,14.508835232811354,14.577801704406738,10923400,0.0,0,-0.009952911998638347,1.2612524326205583,14.103543901443482,15.208706717719835,12.998381085167129,14.651076287021613,13.961077267440933,13.264872462436578,12.433139416408466,16.750247955322266
2017-12-15,14.65538813150143,14.896771586788304,14.586421664889505,14.758838653564451,24017400,0.0,0,0.012418672775812878,1.276915513868971,14.168381452560425,15.267478097437538,13.069284807683312,14.651076287021613,13.961077267440933,13.239148921346622,12.433139416408466,16.500242233276367
2017-12-18,14.8622871704571,15.00884111398516,14.845045143150216,14.939874649047852,10763700,0.0,0,0.012266276482375993,1.292578512606723,14.237983465194702,15.347446496711857,13.128520433677547,14.651077488621434,13.961078469040753,13.217713000797323,12.433139416408466,16.70713996887207
2017-12-19,14.991596559751182,15.069184025264082,14.853663653126016,14.91400909423828,11165000,0.0,0,-0.0017313100288441907,1.2903406584647785,14.303719902038575,15.409773747358557,13.197666056718592,14.681248944260895,13.991249924680215,13.217713000797323,12.433139416408466,16.603696823120117
2017-12-20,15.06918229376564,15.11228734981431,14.732971078034808,14.870903968811035,8705400,0.0,0,-0.002890244008493803,1.2866112591077348,14.375875616073609,15.430491472679318,13.3212597594679,14.810561291312832,14.141420670401866,13.209138331092921,12.433139416408466,16.508865356445312
2017-12-21,15.0864284400189,15.155394904258808,14.97435855223788,15.077807426452637,7848600,0.0,0,0.013913307360167382,1.3045122770087527,14.462663745880127,15.445147913929109,13.480179577831144,14.832115068535082,14.210133416039977,13.209138331092921,12.433139416408466,16.57782745361328
2017-12-22,15.138154387708996,15.138154387708996,14.914012945490468,15.060566902160645,5300600,0.0,0,-0.0011434370929651605,1.3030206492829925,14.548161268234253,15.418769471336434,13.677553065132072,14.832115068535082,14.210133416039977,13.209138331092921,12.433139416408466,16.845075607299805
2017-12-26,15.06056307793502,15.155392568257016,14.879526753818428,14.957114219665527,3995000,0.0,0,-0.006869109454324396,1.294070057821823,14.630629730224609,15.303813217330333,13.957446243118884,14.832115068535082,14.210133416039977,13.21771229419086,12.441713379506407,16.59507179260254
2017-12-27,15.017459596352133,15.017459596352133,14.845042640925698,14.91400909423828,5360800,0.0,0,-0.0028819145721687978,1.290340658464779,14.690363883972168,15.22615347502405,14.154574292920286,14.832115068535082,14.210133416039977,13.21771229419086,12.441713379506407,15.914026260375977
2017-12-28,14.95711361472708,15.026080065547388,14.870905140129222,14.982975006103516,4386700,0.0,0,0.00462423694591152,1.2963074994104635,14.729108810424805,15.230389460140277,14.227828160709333,14.870908284574156,14.210133416039977,13.230574096670905,12.484585013645773,16.095067977905273
2017-12-29,15.043321524296788,15.060561903136898,14.888146604707003,14.896767616271973,6240700,0.0,0,-0.005753689757636571,1.288848948228358,14.762685871124267,15.211095601799881,14.314276140448653,14.944182991146807,14.210133416039977,13.230574096670905,12.591768314946108,16.34506607055664
2018-01-02,14.9915998962768,15.034704966871834,14.86228797307233,14.974359512329102,9951000,0.0,0,0.005208639757015021,1.2955620981008873,14.797570323944091,15.194370236258903,14.40077041162928,14.944182991146807,14.210133416039977,13.230574096670905,12.66894004544745,15.431260108947754
2018-01-03,14.939872947009498,15.060563835827416,14.905390540614396,15.000218391418455,8324600,0.0,0,0.0017268771374203684,1.2977993746682062,14.820885610580444,15.20753770527012,14.434233515890767,14.944182991146807,14.210133416039977,13.230574096670905,12.703237213511894,15.750228881835938
2018-01-04,15.120913505554196,15.28470784139698,15.086429448982884,15.1209135055542,10343300,0.0,0,0.0080462237939678,1.308241758876458,14.853665542602538,15.224869264523193,14.482461820681884,15.064875241161339,14.309088989969375,13.365624372907662,12.707524521950162,15.922646522521973
2018-01-05,15.172636931391336,15.207119341366184,14.939874497972822,15.077807426452637,10765000,0.0,0,-0.002850758923111929,1.3045122770087534,14.888148832321168,15.203306999940597,14.572990664701738,15.064875241161339,14.523451673711833,13.402066458427802,12.720387123262372,16.25023651123047
2018-01-08,15.043326517597968,15.10367197429327,14.939875988770044,15.060566902160645,8292200,0.0,0,-0.0011434370929651605,1.3030206492829932,14.909700918197633,15.209589837878775,14.60981199851649,15.064875241161339,14.523451673711833,13.689314743689351,13.059082288936665,16.698518753051758
2018-01-09,15.086430620303435,15.448505020962337,15.086430620303435,15.327814102172852,9190300,0.0,0,0.01774483004181371,1.3261425292454936,14.939874029159546,15.278477407718444,14.601270650600647,15.146773830944017,14.605350263494511,13.807215432113466,13.23057539171893,16.79334831237793
2018-01-10,15.379534048537876,15.741608343297017,15.345049999375115,15.586433410644531,10142100,0.0,0,0.016872549911407075,1.3485179352598278,14.987288427352905,15.401627706060953,14.572949148644856,15.301948158184674,15.017461103277363,13.807215432113466,13.23057539171893,16.767488479614258
2018-01-11,15.629539948728974,15.750232500608664,15.569194494934274,15.689887046813965,6331300,0.0,0,0.006637415593665041,1.3574686092316584,15.025651025772095,15.54013179382391,14.51117025772028,15.306260236840497,15.021773181933186,13.884387224540857,13.440653835533904,16.724384307861328
2018-01-12,15.784712445034264,15.836438521021732,15.68988459430398,15.758851051330566,7141600,0.0,0,0.004395443020770884,1.3634352851560212,15.077375984191894,15.664070025392336,14.490681942991452,15.34936324704703,15.064876192139721,13.905822722861924,13.487812925517575,16.914043426513672
2018-01-16,15.836442109277405,15.888166552694672,15.560574574374348,15.655404090881348,9776100,0.0,0,-0.00656437199084281,1.3544851887588163,15.131256103515625,15.722495491523361,14.540016715507889,15.396778546654534,15.09074020797619,13.905822722861924,13.52211068594151,16.646799087524414
2018-01-17,15.698506259619489,15.87954426348429,15.431261405075546,15.82781982421875,10112900,0.0,0,0.01101317681335523,1.369402373633688,15.18470516204834,15.823510004689496,14.545900319407185,15.414020525333747,15.198500892753014,13.905822722861924,13.564982950389943,16.939903259277344
2018-01-18,15.8191979482557,15.99161328450881,15.603677544721672,15.646780967712402,11732900,0.0,0,-0.011438016007064511,1.3537391273639536,15.220050477981568,15.87889067997286,14.561210275990275,15.465743891240816,15.250224258660083,13.936803950536396,13.643123769510552,17.069215774536133
2018-01-19,15.819202052888786,16.12093102498455,15.767477603020849,16.095067977905273,15230200,0.0,0,0.02865043046987914,1.3925243361068493,15.279103422164917,16.02464944971228,14.533557394617556,15.530403506877297,15.314883128897952,14.07415904638764,13.673297523490564,16.914043426513672
2018-01-22,16.293343233412195,16.52610567893144,16.120927885994096,16.517484664916992,13579500,0.0,0,0.026245101144747984,1.4290712781544965,15.361432456970215,16.25854726497203,14.464317648968398,15.806268149617438,15.517470455871397,14.164678609891421,13.763817086994347,16.733003616333008
2018-01-23,16.46575804278253,16.79334831046198,16.36230753261055,16.689899444580078,18157500,0.0,0,0.010438319342247926,1.4439883805187075,15.442037057876586,16.499915241730616,14.384158874022557,16.069199154918547,15.651091771636667,14.173297187923517,13.772435665026443,16.603696823120117
2018-01-24,16.70714288307579,16.896801912379527,16.620936027163594,16.750247955322266,18690100,0.0,0,0.0036158702419135658,1.449209655133494,15.526521110534668,16.71262870458175,14.340413516487587,16.164031658727538,15.741611788634515,14.306076777231272,13.772435665026443,16.78472900390625
2018-01-25,16.819213166847476,16.853695577771507,16.491621219472798,16.500242233276367,11805000,0.0,0,-0.014925493802404377,1.4275794854074146,15.60367751121521,16.83206094297888,14.37529407945154,16.164031658727538,15.814886495207167,14.306076777231272,13.772435665026443,17.0002498626709
2018-01-26,16.603691102105728,16.70713996887207,16.483000209448303,16.70713996887207,8529000,0.0,0,0.012539072619094593,1.4454800082444679,15.693334054946899,16.968654647619406,14.418013462274391,16.164031658727538,15.814886495207167,14.306077978831095,13.772436866626265,17.155424118041992
2018-01-29,16.672663306157652,16.81059627223272,16.569212759456022,16.603696823120117,8093900,0.0,0,-0.006191553188917065,1.436530241889906,15.774370145797729,17.064884562697674,14.483855728897785,16.164031658727538,15.814886495207167,14.336249434470556,13.802608322265726,17.12956428527832
2018-01-30,16.45714091130522,16.655419321250953,16.431277866589944,16.508865356445312,6516700,0.0,0,-0.005711467011536575,1.428325546802277,15.854975032806397,17.116921405326387,14.593028660286407,16.2502397285506,15.870922276652612,14.475990980857349,13.824159984540838,17.112241744995117
2018-01-31,16.5347240347608,16.75024441760327,16.50023998424679,16.57782745361328,9979500,0.0,0,0.004177276613443581,1.4342920577053182,15.935148429870605,17.166151517779205,14.704145341962002,16.332139757700187,15.870922276652612,14.521124242287529,13.845713761763088,17.415340423583984
2018-02-01,16.5433467121002,16.896800043985674,16.508862658116154,16.845075607299805,9505100,0.0,0,0.01612081887293826,1.4574140201784795,16.027391290664674,17.240500804500716,14.814281776828633,16.50886489918681,15.870922276652612,14.521124242287529,13.845713761763088,17.25080108642578
2018-02-02,16.853695630355567,17.155424537260938,16.551968367740454,16.59507179260254,14249800,0.0,0,-0.014841359013486821,1.4357840154737216,16.10109920501709,17.262427619812996,14.939770790221182,16.758866034935743,16.00023358909332,14.521124242287529,13.845713761763088,17.068941116333008
2018-02-05,16.396793161913685,16.707141433713375,15.827819411942317,15.914026260375977,17764500,0.0,0,-0.04103902295440187,1.3768608423051323,16.142910146713255,17.209199286602033,15.076621006824478,16.491621974601628,16.008856255166634,14.521124242287529,13.845713761763088,16.80048179626465
2018-02-06,15.595060577740234,16.18127649054558,15.284710589951375,16.095067977905273,20334900,0.0,0,0.011376235942256008,1.392524336106849,16.19463520050049,17.13790502269988,15.251365378301099,16.220067563606158,16.008856255166634,14.540520850307066,13.871437366723175,16.774497985839844
2018-02-07,15.991612752072186,16.551967098035956,15.95713034368572,16.34506607055664,14037300,0.0,0,0.01553259004525831,1.4141538457476421,16.24549779891968,17.101039268823158,15.389956329016199,16.220067563606158,16.008856255166634,14.577158203593392,13.871437366723175,16.99966049194336
2018-02-08,16.414034238187874,16.414034238187874,15.431260108947754,15.431260108947754,16345400,0.0,0,-0.055907143945718274,1.3350925431320377,16.23773913383484,17.119743535186586,15.355734732483093,16.220067563606158,16.030407538937666,14.577158203593392,13.871437366723175,16.930377960205078
2018-02-09,15.646778381749318,15.888161785758154,15.189876254115696,15.750228881835938,18812200,0.0,0,0.02067029980936108,1.3626893062718193,16.240756225585937,17.115549362569634,15.365963088602237,16.172650395688315,16.04764951761688,14.577158203593392,13.871437366723175,16.852441787719727
2018-02-12,15.879543100339644,16.172650975191928,15.758852202796993,15.922646522521973,9323600,0.0,0,0.010946992705920477,1.3776066561680127,16.24894599914551,17.108304560569504,15.389587437721513,16.172650395688315,16.04764951761688,14.686982115565357,14.077575304319238,16.913061141967773
2018-02-13,15.810574751421775,16.284718916003133,15.741608297586488,16.25023651123047,13246400,0.0,0,0.02057384042565613,1.4059493156813352,16.278687620162962,17.093359793321,15.464015447004925,16.172650395688315,16.04765026301549,14.794163457436586,14.077575304319238,16.125001907348633
2018-02-14,16.19851156755091,16.73300115672945,16.14678549559951,16.698518753051758,16959900,0.0,0,0.027586197992348183,1.444734111870927,16.322222566604616,17.128797240369178,15.515647892840054,16.172650395688315,16.120927578782187,14.794163457436586,14.077575304319238,15.596738815307615
2018-02-15,16.801969325250752,16.870935783943246,16.577827923427627,16.79334831237793,8832400,0.0,0,0.005678920431720469,1.4529386419372343,16.37955093383789,17.147605186088015,15.611496681587766,16.03040601902947,16.172650395688315,14.876062047219264,14.180910422529344,16.28087615966797
2018-02-16,16.715762397560052,16.95714584760898,16.68990100082318,16.767488479614258,7873600,0.0,0,-0.0015398854524211192,1.4507012828592547,16.41317195892334,17.187382299067036,15.638961618779645,16.073511050862336,16.172650395688315,15.159704630731017,14.327462083696684,15.839216232299805
2018-02-20,16.750247350274996,16.95714675671339,16.64679682491064,16.724384307861328,6879100,0.0,0,-0.0025706993510289378,1.4469719660128715,16.423516941070556,17.20859752315885,15.638436358982263,16.073511505414544,16.172650395688315,15.164016709386843,14.331774162352506,15.830554008483888
2018-02-21,16.7071423746082,17.138183218212326,16.698523004711607,16.914043426513672,9887300,0.0,0,0.011340275083441709,1.4633810261454858,16.434724140167237,17.241040698789828,15.628407581544648,16.16402973616401,16.172650395688315,15.207119719593376,14.37487717255904,16.09035301208496
2018-02-22,17.00025249376727,17.07783998726356,16.59507463995707,16.646799087524414,12121700,0.0,0,-0.01580014501856708,1.4402593937149677,16.429551696777345,17.22892820705367,15.63017518650102,16.16402973616401,16.172650395688315,15.243759377315362,14.40074118839551,15.726635932922363
2018-02-23,16.71576184400246,16.94852427266755,16.5950709451199,16.939903259277344,9741600,0.0,0,0.017607239098151428,1.4656183852234657,16.451534748077393,17.281414417062873,15.621655079091912,16.439895757899407,16.172650395688315,15.30626070904338,14.40074118839551,15.93447208404541
2018-02-26,17.026112350352598,17.103699829315147,16.896800433511764,17.069215774536133,11291400,0.0,0,0.007633604116833892,1.4768063357626149,16.469638538360595,17.336417859160797,15.602859217560392,16.439895757899407,16.172650395688315,15.35798407495045,14.45246455430258,16.24623680114746
2018-02-27,17.086458777381125,17.32784224174395,16.914043426513672,16.914043426513672,11728400,0.0,0,-0.009090771952976695,1.4633810261454858,16.485155868530274,17.37207783595254,15.59823390110801,16.73731386867173,16.258859247929824,15.422643317887625,14.51712342454045,16.31551742553711
2018-02-28,16.974387054717717,17.120940991542334,16.724382603073895,16.733003616333008,14165400,0.0,0,-0.01070352047795231,1.4477176973650907,16.49636278152466,17.38991145704724,15.60281410600208,16.95283508258579,16.258859247929824,15.661869302744417,14.719710751513894,15.787254333496094
2018-03-01,16.75887182102723,16.965771270139832,16.474384872961075,16.603696823120117,12432200,0.0,0,-0.007727649869547326,1.436530241889906,16.49765625,17.39175355140335,15.603558948596646,16.901113557352513,16.258859247929824,15.860145463277608,14.853332067279165,15.917153358459473
2018-03-02,16.500242127375305,16.81921305889921,16.23299727834084,16.78472900390625,9335600,0.0,0,0.010903124931433972,1.4521929105850147,16.494638919830322,17.384375648358393,15.604902191302251,16.780419760042395,16.258859247929824,15.952821723681026,14.905058868237937,16.10767364501953
2018-03-05,16.569209029643122,17.0950793721099,16.448518122568238,17.0002498626709,6964400,0.0,0,0.01284029421711197,1.4708394948169303,16.51489782333374,17.431205932854407,15.598589713813073,16.780419760042395,16.258859247929824,15.989459076967353,14.905058868237937,15.951794624328612
2018-03-06,17.0692156261342,17.189908172521196,16.853695218509827,17.155424118041992,7795300,0.0,0,0.009127763216693952,1.4842649694553811,16.57696771621704,17.490200654949255,15.663734777484827,16.780419760042395,16.258859247929824,15.989459076967353,14.905058868237937,16.43675994873047
2018-03-07,16.974389314535983,17.19853075624265,16.922663228094958,17.12956428527832,6610000,0.0,0,-0.001507385220309132,1.4820276103774015,16.628692531585692,17.544095540111233,15.71328952306015,16.780419760042395,16.258859247929824,15.989459076967353,14.905058868237937,16.029739379882812
2018-03-08,17.190182248554393,17.26812275211367,16.843780928164165,17.112241744995117,7466500,0.09,0,-0.0010112656687999433,1.4805288867348132,16.667051315307617,17.59604197086291,15.738060659752326,16.780419760042395,16.258859247929824,16.060581002601605,15.033677951684474,15.995095252990724
2018-03-09,17.250799206236984,17.441319485637226,17.10357846477314,17.415340423583984,10828300,0.0,0,0.017712388774399734,1.5067525899683893,16.766255331039428,17.55850562154587,15.974005040532985,16.837158381989035,16.315597869876463,16.1015310171764,15.080836920100337,15.544772148132324
2018-03-12,17.39802184393542,17.50194140701771,17.19884130488464,17.25080108642578,8554500,0.0,0,-0.009447954111501788,1.4925168606409815,16.84128394126892,17.507351248693787,16.17521663384405,16.867469342679275,16.345908830566703,16.189893587919713,15.080836920100337,15.510129928588867
2018-03-13,17.320083114341443,17.337403593881028,17.0169813294861,17.068941116333008,8248000,0.0,0,-0.010542117388152694,1.4767825726923072,16.898598670959473,17.41842008680214,16.378777255116805,16.867469342679275,16.345908830566703,16.37954981201453,15.210148232541043,15.717973709106444
2018-03-14,17.164203640334495,17.164203640334495,16.731201523669057,16.80048179626465,10893200,0.0,0,-0.015727942245431614,1.4535558216799427,16.92611093521118,17.355185319998405,16.497036550423957,16.867469342679275,16.345908830566703,16.25023911488413,15.210148232541043,16.35881805419922
2018-03-15,16.913058491873116,16.93037731629863,16.62727724170805,16.774497985839844,9701200,0.0,0,-0.00154661102817788,1.4513077362160602,16.929909896850585,17.352072237406436,16.507747556294735,16.975229764792974,16.345908830566703,16.114461909386396,15.210148232541043,16.332839965820312
2018-03-16,16.800479936748303,17.068940756870848,16.765840630170462,16.99966049194336,22955400,0.0,0,0.01342290578791605,1.4707885032285621,16.940225505828856,17.358560026533866,16.521890985123846,17.06460932436288,16.345908830566703,16.114461909386396,15.210148232541043,16.341501235961914
2018-03-19,16.973679152344538,17.042959407996083,16.77449862381779,16.930377960205078,10701000,0.0,0,-0.004075524435980138,1.4647942687434954,16.9483699798584,17.359128057244607,16.53761190247219,17.06460932436288,16.345908830566703,16.125237551271912,15.210148232541043,16.471399307250977
2018-03-20,17.034303537798408,17.103583811215994,16.80914223624824,16.852441787719727,10213200,0.0,0,-0.004603333290523204,1.458051332522421,16.954772853851317,17.355114265801397,16.554431441901237,17.06460932436288,16.6217748523021,16.1101499566526,15.210148232541043,16.289535522460938
2018-03-21,16.904400902512286,17.172861718545235,16.774500614223555,16.913061141967773,6715800,0.0,0,0.0035970665267166524,1.463296040164872,16.954723739624022,17.3550855882112,16.554361891036844,17.06460932436288,16.6217748523021,16.1101499566526,15.244447337901352,16.454078674316406
2018-03-22,16.705224894524846,16.765844935431396,16.08170069829236,16.125001907348633,12313200,0.0,0,-0.04659471328130327,1.3951141807277234,16.928633880615234,17.455474409293945,16.401793351936522,16.791821052655035,16.791821052655035,16.110150329351903,15.458810021643812,16.194276809692383
2018-03-23,16.176961806056664,16.237581847336493,15.544779015892368,15.596738815307615,13440200,0.0,0,-0.03276049795691949,1.3494095454603234,16.861475658416747,17.647586181719003,16.07536513511449,16.441091304886697,16.52336021145504,16.14678898723525,15.458810021643812,16.237577438354492
2018-03-26,15.87385483379637,16.332837594115016,15.76127502937119,16.28087615966797,12380200,0.0,0,0.04386412778092419,1.4086002181911939,16.82205867767334,17.641276880385266,16.002840474961413,16.3588203672188,16.52336021145504,16.101528207358893,15.458810021643812,16.064374923706055
2018-03-27,16.358817385659282,16.436757889017564,15.717974531647048,15.839216232299805,11449500,0.0,0,-0.0271275282138852,1.3703883760301274,16.768317317962648,17.691918712039303,15.844715923885992,16.3588203672188,16.52336021145504,16.123080723275326,15.724369200259323,15.951794624328612
2018-03-28,15.899834263699,15.951794042167444,15.562091574225184,15.830554008483888,15874700,0.0,0,-0.0005468846241426517,1.3696389316981727,16.72319483757019,17.734312788839464,15.712076886300915,16.3588203672188,16.52336021145504,16.12308095055143,15.724369200259323,16.211597442626953
2018-03-29,15.951792514920704,16.13365254803451,15.778591067579674,16.09035301208496,12310700,0.0,0,0.01641123889042939,1.392116403399904,16.697527647018433,17.745278971787133,15.64977632224973,16.3588203672188,16.52336021145504,16.168340065926163,15.724369200259323,16.237577438354492
2018-04-02,16.047058209485797,16.11633847850331,15.458175096950992,15.726635932922363,12853900,0.0,0,-0.02260466746064682,1.3606480750345376,16.644622993469238,17.77401097446895,15.515235012469523,16.315518407748115,16.480058251984353,16.168340065926163,15.724369200259323,16.428096771240234
2018-04-03,15.839212774337806,16.029733045524438,15.691992039220864,15.93447208404541,8307800,0.0,0,0.013215550484510175,1.3786297883618082,16.591334104537964,17.749103549479383,15.433564659596543,16.315518407748115,16.480058251984353,16.30627307679386,15.832129885036146,16.64459800720215
2018-04-04,15.674674238303217,16.280876105558658,15.648693521166038,16.24623680114746,8834300,0.0,0,0.019565424913838836,1.4056032659699826,16.545874738693236,17.682455736084634,15.409293741301838,16.112010016191192,16.480058251984353,16.30627307679386,15.832129885036146,16.739858627319336
2018-04-05,16.410778405392467,16.445417710576034,16.211596206442923,16.31551742553711,7229700,0.0,0,0.004264410597828672,1.4115973354337277,16.505172395706175,17.61285535595542,15.397489435456928,15.951796403763513,16.480058251984353,16.498086558300777,15.918338737277653,16.731199264526367
2018-04-06,16.099016337804777,16.150976121265643,15.605394265497186,15.787254333496094,12367700,0.0,0,-0.032377955186035146,1.365892700166328,16.438923025131224,17.55198620288473,15.325859847377718,15.951796403763513,16.480058251984353,16.605847165257806,15.918338737277653,16.627281188964844
2018-04-09,15.934473835499718,16.31551607152706,15.917153358459474,15.917153358459473,9916500,0.0,0,0.008228094779455741,1.377131394761863,16.364013671875,17.402520988997953,15.325506354752045,15.951796403763513,16.480058251984353,16.57998640264117,15.918338737277653,16.79181671142578
2018-04-10,16.21159319302537,16.237573905912544,16.012412682871318,16.10767364501953,10152200,0.0,0,0.011969494938540715,1.3936149620211706,16.306857299804687,17.26580085136562,15.347913748243755,15.951796403763513,16.480058251984353,16.51963950398611,15.957131953316729,16.71388053894043
2018-04-11,15.951794624328617,16.142314920180333,15.85653365051694,15.951794624328612,10008500,0.0,0,-0.009677314311562157,1.380128512004396,16.25099997520447,17.153784523546793,15.348215426862144,15.951796403763513,16.480058251984353,16.51963950398611,16.03040665988938,16.731199264526367
2018-04-12,16.116339307457892,16.540681183487944,16.06437786419316,16.43675994873047,10703800,0.0,0,0.030401928800049882,1.4220870807612724,16.23281388282776,17.104371284683463,15.361256480972056,15.999428140219468,16.480058251984353,16.51963950398611,16.03040665988938,16.5666561126709
2018-04-13,16.54934227690401,16.58398158909365,15.934478380760174,16.029739379882812,10682000,0.0,0,-0.024762822485528413,1.3868721908214177,16.195575952529907,17.034036625522294,15.357115279537519,16.094687927295418,16.480058251984353,16.51963950398611,16.03040665988938,16.583982467651367
2018-04-16,16.185617213561475,16.194277452839394,15.830555662025482,15.995095252990724,10550700,0.0,0,-0.002161240808167264,1.383874826046902,16.145347690582277,16.900473386274182,15.390221994890371,16.094687927295418,16.480058251984353,16.51963950398611,16.086442441334825,16.843780517578125
2018-04-17,16.124994882535994,16.124994882535994,15.432190705404064,15.544772148132324,15058000,0.0,0,-0.02815382451531201,1.3449134570432195,16.076067399978637,16.782558521831163,15.36957627812611,16.008086147248857,16.46706605621089,16.57637812593275,16.14318106328146,16.627281188964844
2018-04-18,15.622711362117688,15.743951381205916,15.414868969721615,15.510129928588867,15215000,0.0,0,-0.002228544697428614,1.3419162572900254,16.008951807022093,16.65995225675495,15.35795135728924,15.999425279407632,16.376136281801323,16.60668908662299,16.173492023971704,16.575319290161133
2018-04-19,15.553432471541637,15.76993349136892,15.475493624033774,15.717973709106444,19888000,0.0,0,0.013400518337017386,1.3598986307025822,15.949197435379029,16.460284001170333,15.438110869587724,15.999425279407632,16.293865344133426,16.60668908662299,16.173492023971704,16.462736129760742
2018-04-20,15.57941464053614,16.35881805419922,15.57941464053614,16.35881805419922,18950500,0.0,0,0.040771435106898846,1.415343649476233,15.960888242721557,16.497854591653912,15.4239218937892,15.999425279407632,16.293865344133426,16.60668908662299,16.18211469004502,15.68333339691162
2018-04-23,16.419439065597096,16.5147000574779,16.116338912834454,16.332839965820312,15552500,0.0,0,-0.0015880174406754932,1.4130960590763155,15.997693300247192,16.530625119163922,15.464761481330463,15.999425279407632,16.293865344133426,16.66056929767984,16.18211469004502,15.951794624328612
2018-04-24,16.454081063829467,16.65326164870316,16.133658758438347,16.341501235961914,15895300,0.0,0,0.0005302978636738676,1.4138454208976097,16.00072455406189,16.54078442583225,15.460664682291528,16.034065309212387,16.293865344133426,16.70525907746479,16.18211469004502,15.795910835266112
2018-04-25,16.358817842910312,16.601299599221733,16.168297524804654,16.471399307250977,13805600,0.0,0,0.007948968054611871,1.425084032982484,16.03233370780945,16.604297210281704,15.460370205337197,16.034065309212387,16.293865344133426,16.70525907746479,16.203665973816054,16.099016189575195
2018-04-26,16.358815779558416,16.44541651387317,16.220255265363456,16.289535522460938,10997100,0.0,0,-0.011041186082470844,1.4093494149911665,16.0552827835083,16.62987462664884,15.48069094036776,16.034065309212387,16.293865344133426,16.84319208833249,16.220907952495267,16.220256805419922
2018-04-27,16.246237878748186,16.480059393176866,16.228917399507882,16.454078674316406,8856900,0.0,0,0.010101156759723784,1.4235854743612173,16.07346906661987,16.674073349797286,15.472864783442457,16.034065309212387,16.090356952576506,16.84319208833249,16.220907952495267,16.13365364074707
2018-04-30,16.497376913523397,16.627278845761467,16.194276809692383,16.194276809692383,9989200,0.0,0,-0.01578951151057484,1.4011077551275037,16.096851110458374,16.6774917201112,15.51621050080555,16.034065309212387,16.034065309212387,16.791821052655035,16.220908697893876,16.67057991027832
2018-05-01,16.150976694995578,16.306857702687267,15.97777686004954,16.237577438354492,9304800,0.0,0,0.0026738229296039417,1.4048540691700095,16.112006378173827,16.690701247656865,15.53331150869079,16.06437763636847,16.034065309212387,16.48222575817087,16.29418601366057,16.583574295043945
2018-05-02,16.1769563784003,16.29819642028177,16.003754902765316,16.064374923706055,11447300,0.0,0,-0.010666770662433822,1.389868812999986,16.102913284301756,16.6785599654394,15.527266603164112,16.11633814461965,16.034065309212387,16.44109028933692,16.345908830566703,16.627079010009766
2018-05-03,15.977775340396793,16.073034662436832,15.691994070733395,15.951794624328612,10668200,0.0,0,-0.007008072203999016,1.3801285120043958,16.084727144241334,16.6552619609142,15.514192327568468,16.17262785971828,16.034065309212387,16.44109028933692,16.345908830566703,16.418258666992188
2018-05-04,15.813236317895088,16.315518669645453,15.74395605047338,16.211597442626953,10261700,0.0,0,0.016286745436285166,1.4026063137487703,16.105944299697875,16.66186901476653,15.550019584629219,16.17262785971828,16.034065309212387,16.44109028933692,16.345908830566703,16.487863540649414
2018-05-07,16.237577438354492,16.34149866073955,16.090356670175876,16.237577438354492,8201200,0.0,0,0.0016025561835890656,1.4048540691700095,16.12196550369263,16.67360966996622,15.570321337419037,16.15963645824743,16.034065309212387,16.44109028933692,16.345908830566703,16.435659408569336
2018-05-08,16.272217424629456,16.60995848661035,16.202935512662407,16.428096771240234,10519500,0.0,0,0.011733236291499916,1.4213375539186563,16.137986660003662,16.705596119083648,15.570377200923675,16.15963645824743,16.034065309212387,16.397788329866234,16.345908830566703,16.200742721557617
2018-05-09,16.480058419456473,16.80913924671954,16.445417463022615,16.64459800720215,9098600,0.0,0,0.013178716863960327,1.4400689591098643,16.17262682914734,16.774467124016738,15.570786534277945,16.250566658726466,16.112004108220578,16.397788329866234,16.345908830566703,16.174638748168945
2018-05-10,16.635937412013835,16.86975890762245,16.55799856524931,16.739858627319336,8065400,0.0,0,0.005723215428571349,1.4483107839948486,16.18778176307678,16.829834590092386,15.54572893606118,16.280876489177924,16.142313938672032,16.296034134087773,16.345908830566703,16.287748336791992
2018-05-11,16.800479527767337,16.878420030384902,16.670579240661986,16.731199264526367,9816700,0.0,0,-0.0005172900790713086,1.4475615871948762,16.22285475730896,16.902497614974735,15.543211899643183,16.285207050559148,16.14664450005326,16.215927327873935,16.345908830566703,16.487863540649414
2018-05-14,16.791820796583263,16.800481036737693,16.566659507883834,16.627281188964844,8948800,0.0,0,-0.006211035677630816,1.438570730531241,16.254464054107665,16.94761329844856,15.56131480976677,16.285207050559148,16.14664450005326,16.215927327873935,16.345908830566703,16.453062057495117
2018-05-15,16.679236920350732,16.84377813971105,16.618616905789438,16.79181671142578,13358600,0.0,0,0.0098955157244911,1.4528061298160055,16.316816282272338,16.96587786180387,15.667754702740805,16.285207050559148,16.14664450005326,16.215927327873935,16.345908830566703,16.461763381958008
2018-05-16,16.7398612597954,16.80048129001839,16.627281439634412,16.71388053894043,7312400,0.0,0,-0.004641318674728057,1.446063193594931,16.377003812789916,16.93102185207579,15.822985773504042,16.31118804042914,16.14664450005326,16.215927327873935,16.345908830566703,16.122434616088867
2018-05-17,16.705220198168355,16.765840222032736,16.54933919293323,16.731199264526367,8104100,0.0,0,0.001036188187751419,1.4475615871948762,16.427665090560915,16.91151200086,15.94381818026183,16.48438835028039,16.14664450005326,16.215927327873935,16.345908830566703,15.965819358825684
2018-05-18,16.67923755983384,16.731197338339737,16.54933728768332,16.5666561126709,8757800,0.0,0,-0.009834510321345302,1.4333255278248251,16.438056993484498,16.92449175223858,15.951622234730417,16.540677771523654,16.14664450005326,16.239743196101912,16.345908830566703,15.817910194396973
2018-05-21,16.6359422645745,16.705224196168228,16.583982467651367,16.583982467651367,9348100,0.0,0,0.0010458571037288422,1.4348245815100567,16.45061411857605,16.938516007019004,15.962712230133093,16.66191874670376,16.14664450005326,16.287373089639885,16.345908830566703,15.5394868850708
2018-05-22,16.583978294789585,16.973680803086523,16.583978294789585,16.843780517578125,10506000,0.0,0,0.015665600855133466,1.4573019707011272,16.47572808265686,16.989873013679155,15.961583151634567,16.76150904538492,16.19427488640407,16.287373089639885,16.345908830566703,15.652593612670898
2018-05-23,16.7398610074286,16.843782237509842,16.497379238420308,16.627281188964844,12143700,0.0,0,-0.012853369134520842,1.438570730531241,16.483522176742554,17.001923109488246,15.96512124399686,16.735530020753416,16.19427488640407,16.23757610172987,16.345908830566703,15.469882011413574
2018-05-24,16.592639769991532,16.609960249821928,16.28953798004704,16.575319290161133,8644700,0.0,0,-0.003125098939097515,1.434075054667441,16.497811365127564,17.009679608372103,15.985943121883025,16.631609391566784,16.22458721356015,16.187780780604477,16.345908830566703,15.56558609008789
2018-05-25,16.488716844227344,16.540676621389014,16.3674751618214,16.462736129760742,6609200,0.0,0,-0.006792216694565756,1.4243345061398685,16.49824423789978,17.009976972512472,15.986511503287087,16.631609391566784,16.276547721811333,16.146645311770527,16.345908830566703,15.278468132019045
2018-05-29,16.289535222405338,16.289535222405338,15.588072425742949,15.68333339691162,13899400,0.0,0,-0.04734345048756183,1.3569015959707098,16.472697067260743,17.084922158729817,15.86047197579167,16.280876614414737,16.280876614414737,16.146645311770527,16.345908830566703,15.191457748413086
2018-05-30,15.986433927314549,16.081694901126223,15.821894347531003,15.951794624328612,10805800,0.0,0,0.01711761273084056,1.3801285120043958,16.45840792655945,17.10468850040508,15.812127352713821,16.280876614414737,16.280876614414737,16.146645311770527,16.345908830566703,15.30456829071045
2018-05-31,15.925811089068745,16.003751571704587,15.752611301255689,15.795910835266112,12813400,0.0,0,-0.009772178788257202,1.3666416494343174,16.444984722137452,17.133678457598144,15.75629098667676,16.280876614414737,16.280876614414737,16.16396532667291,16.345908830566703,15.722203254699709
2018-06-01,16.055716645718437,16.19427716818613,16.00375521096426,16.099016189575195,9464600,0.0,0,0.019188849409833786,1.3928659302425195,16.45234580039978,17.122495787124556,15.782195813675004,16.280876614414737,16.280876614414737,16.16396532667291,16.345908830566703,15.556882858276367
2018-06-04,16.185617499468112,16.24623752371261,16.107676996361818,16.220256805419922,5467100,0.0,0,0.0075309332208284285,1.403355510548743,16.452778768539428,17.122310237465364,15.783247299613492,16.280876614414737,16.280876614414737,16.16396532667291,16.458405188369664,15.391575813293455
2018-06-05,16.159634355139293,16.211594132152207,16.021073848590504,16.13365364074707,5641300,0.0,0,-0.00533919812193806,1.3958627174424096,16.44758257865906,17.125366195106995,15.769798962211121,16.215927331626396,16.280876614414737,16.062211130894447,16.458405188369664,15.243661880493164
2018-06-06,16.263558553860033,16.71387945712875,16.246238074411128,16.67057991027832,11850100,0.0,0,0.033279893165376384,1.442316879552425,16.45970673561096,17.14437737335979,15.775036097862133,16.15097594143585,16.280876614414737,16.034065309212387,16.458405188369664,14.97393798828125
2018-06-07,16.74888846403292,16.809793247468097,16.453063807749867,16.583574295043945,6973700,0.09,0,-0.005219111494779605,1.4347892669472384,16.456655550003052,17.138510857511267,15.774800242494837,16.198932836605522,16.280876614414737,16.04922147279043,16.458405188369664,15.234962463378906
2018-06-08,16.574873487113113,16.661881032409976,16.487867601347144,16.627079010009766,7591600,0.0,0,0.002623361779060085,1.4385532382711534,16.451016569137572,17.125148675614007,15.776884462661135,16.198932836605522,16.280876614414737,16.07520172691602,16.458405188369664,15.348069190979004
2018-06-11,16.661877754458267,16.74018436386681,16.418258666992188,16.418258666992188,9521400,0.0,0,-0.01255905158638293,1.4204863739419478,16.435369539260865,17.097040662998495,15.773698415523233,16.281202274361892,16.280876614414737,16.103346584465335,16.458405188369664,15.713499069213867
2018-06-12,16.479162622309538,16.64447509217577,16.392155098441236,16.487863540649414,12432500,0.0,0,0.0042394796591409545,1.4265084970303616,16.428398656845093,17.0846933147183,15.772103998971888,16.281202274361892,16.280876614414737,16.103346584465335,16.458405188369664,15.330671310424805
2018-06-13,16.50526510159359,16.748885856943797,16.322550779728903,16.435659408569336,12110400,0.0,0,-0.003166215680483586,1.421991863458721,16.41059079170227,17.045214510275677,15.77596707312886,16.40677422921618,16.280876614414737,16.096850883729907,16.458405188369664,15.504684448242188
2018-06-14,16.46176367951809,16.48786643912645,16.105034262524416,16.200742721557617,12841300,0.0,0,-0.01429310994904387,1.4016671774076597,16.38493390083313,17.009746401414827,15.760121400251432,16.4154335480293,16.280876614414737,16.096850883729907,16.458405188369664,15.896218299865724
2018-06-15,16.105033053967464,16.244244442370427,15.922317069481918,16.174638748168945,18415800,0.0,0,-0.0016112825095319083,1.3994086956005178,16.357105875015257,16.96698974449856,15.747222005531954,16.366055158475007,16.280876614414737,16.181285383473522,16.458405188369664,15.896218299865724
2018-06-18,16.200742458571384,16.400858633727985,16.035428302796877,16.287748336791992,13435900,0.0,0,0.006993021011727496,1.4091947900128465,16.343160486221315,16.94587612881526,15.74044484362737,16.366055158475007,16.280876614414737,16.21159521392498,16.458405188369664,15.913618087768556
2018-06-19,16.165936200195855,16.505263717798687,16.11373234968707,16.487863540649414,10416100,0.0,0,0.012286241150066601,1.4265084970303619,16.338354539871215,16.934743977813653,15.741965101928775,16.366055158475007,16.280876614414737,16.215925775306204,16.458405188369664,16.000625610351562
2018-06-20,16.58357253090567,16.66187914685814,16.44436113799699,16.453062057495117,8467800,0.0,0,-0.002110733332338466,1.423497517996816,16.318818616867066,16.871219752898877,15.766417480835253,16.335601463212857,16.280876614414737,16.215925775306204,16.458405188369664,16.148536682128906
2018-06-21,16.392157683791343,16.574872019154803,16.218142608609313,16.461763381958008,10623200,0.0,0,0.0005288574511226329,1.424250345265863,16.310542726516722,16.84883936905922,15.772246083974224,16.335601463212857,16.280876614414737,16.215925775306204,16.458405188369664,16.374753952026367
2018-06-22,16.58357170994656,16.62707630528355,16.07893002075188,16.122434616088867,12078500,0.0,0,-0.02061314805685055,1.3948920620288774,16.28789849281311,16.8176808634341,15.75811612219212,16.335601463212857,16.280876614414737,16.2289162702412,16.458405188369664,16.192041397094727
2018-06-25,16.044125960929957,16.11373164507482,15.774402482779498,15.965819358825684,10753500,0.0,0,-0.009714119547856281,1.3813419137819731,16.263052654266357,16.804316560403016,15.721788748129699,16.261644169861647,16.280876614414737,16.315516425166827,16.458405188369664,16.383453369140625
2018-06-26,15.974523429514685,16.00932544869043,15.678698798632505,15.817910194396973,9887000,0.0,0,-0.009264113610739866,1.3685450053574202,16.269781494140624,16.78446297311527,15.755100015165976,16.170288972745322,16.280876614414737,16.34366113578846,16.458405188369664,16.592275619506836
2018-06-27,15.765705810532816,15.870113524111789,15.48728136875063,15.5394868850708,12322900,0.0,0,-0.017601775829072186,1.3444561829611226,16.249166107177736,16.84125366283309,15.657078551522382,16.074580257804385,16.230481085918576,16.40428162337851,16.458405188369664,16.65317726135254
2018-06-28,15.62649085768826,15.765703891398513,15.435075633073698,15.652593612670898,12372600,0.0,0,0.007278665533593687,1.3542420298414686,16.242000246047972,16.859074902287006,15.62492558980894,16.048477389965917,16.139428935291768,16.477891965894493,16.458405188369664,16.635774612426758
2018-06-29,15.904918046677423,15.991923926105574,15.461181091564605,15.469882011413574,18515700,0.0,0,-0.011672928191876042,1.3384340598727087,16.21054353713989,16.912814607660998,15.508272466618784,16.048477389965917,16.122434440270897,16.464902453578745,16.458405188369664,16.80109214782715
2018-07-02,15.382871783787234,15.58298792674428,15.339367192146256,15.56558609008789,13185900,0.0,0,0.0061864776087954265,1.3467142522149604,16.17781000137329,16.93473635216263,15.420883650583955,16.000623169502198,16.074580219807174,16.428098302563466,16.376136281801323,16.853294372558594
2018-07-03,15.600395592325173,15.678702227006902,15.26106794839174,15.278468132019045,6077500,0.0,0,-0.018445688868193755,1.3218731801242412,16.13505072593689,16.98868052269115,15.281420929182625,15.944072126837645,16.035430597929917,16.45407855668906,16.293865344133426,16.77499008178711
2018-07-05,15.39157558842781,15.408975768816692,15.156655728104525,15.191457748413086,11142700,0.0,0,-0.005694967771252668,1.3143451549657503,16.06109461784363,16.971370978967087,15.150818256720173,15.891866016694037,15.98322448778631,16.280876614414737,16.293865344133426,16.64447593688965
2018-07-06,15.15665596811255,15.34807123166773,14.965240704557374,15.30456829071045,9841900,0.0,0,0.0074456674382799015,1.3241313318887398,15.997144317626953,16.93126970185092,15.063018933402988,15.539486174816098,15.887516976012735,16.280876614414737,16.293865344133426,16.487863540649414
2018-07-09,15.391576572735842,15.73090417521598,15.330671788652833,15.722203254699709,11564400,0.0,0,0.02728825511809796,1.3602645654831866,15.951900529861451,16.845972258178836,15.057828801544064,15.487283076623902,15.887516976012735,16.280876614414737,16.293865344133426,16.70538330078125
2018-07-10,15.783101722576712,15.809204473679529,15.443774255891311,15.556882858276367,12428700,0.0,0,-0.010515090903300939,1.3459612599245918,15.90883173942566,16.791689944946338,15.02597353390498,15.478582315331474,15.887516976012735,16.280876614414737,16.293865344133426,16.592275619506836
2018-07-11,15.461181514458294,15.574290156527098,15.391575813293455,15.391575813293455,7794500,0.0,0,-0.010625974784850167,1.331659109515248,15.854017353057861,16.722116118002408,14.985918588113314,15.478582315331474,15.887516976012735,16.280876614414737,16.293865344133426,16.879396438598633
2018-07-12,15.504682817403609,15.539486494074678,15.121850671675066,15.243661880493164,10073600,0.0,0,-0.009610057774106506,1.3188617885373912,15.794417476654052,16.658218113444054,14.930616839864049,15.478582315331474,15.887516976012735,16.248401973020567,16.19427488640407,16.95770263671875
2018-07-13,15.208857821310668,15.208857821310668,14.852128442057374,14.97393798828125,19405700,0.0,0,-0.01769416655436784,1.2955256283888192,15.733077239990234,16.646130358511453,14.820024121469014,15.330666457868452,15.830960844762735,16.21592627792529,16.19427488640407,16.948999404907227
2018-07-16,15.026145361356615,15.287166324001776,15.008743521305387,15.234962463378906,8645100,0.0,0,0.017431919065107326,1.3181091262896654,15.686093425750732,16.600141631938786,14.77204521956268,15.330666457868452,15.800507149500586,16.23990472551013,16.19427488640407,17.001211166381836
2018-07-17,15.269762580042942,15.452478558737292,15.191455969106876,15.348069190979004,9817200,0.0,0,0.0074241553185299125,1.3278949731700116,15.639109468460083,16.520284505057596,14.75793443186257,15.330666457868452,15.800507149500586,16.23990472551013,16.19427488640407,16.992507934570312
2018-07-18,15.32196768451985,15.757003662755798,15.32196768451985,15.713499069213867,11263900,0.0,0,0.0238095016179396,1.3595114906821568,15.600391244888305,16.39151217113432,14.809270318642291,15.330666457868452,15.800507149500586,16.281039444388313,16.19427488640407,16.82718849182129
2018-07-19,15.582991359402197,15.643896141585328,15.30456854969024,15.330671310424805,12868400,0.0,0,-0.02436298606076248,1.326389731185221,15.54427170753479,16.237701224737883,14.850842190331697,15.330666457868452,15.800507149500586,16.281039444388313,16.19427488640407,16.757587432861328
2018-07-20,15.226261643710696,15.600392909623944,15.026145460395036,15.504684448242188,16016600,0.0,0,0.011350653490239226,1.341445121416916,15.496417760848999,16.04568982851418,14.947145693183817,15.330666457868452,15.757003794457757,16.34382542181546,16.19427488640407,16.914201736450195
2018-07-23,15.53078793689648,15.948422163281071,15.452481312008006,15.896218299865724,13069100,0.0,0,0.025252616583752996,1.3753201207362034,15.485106945037842,15.989351980327974,14.98086190974771,15.400275302669222,15.757003794457757,16.348155081222018,16.19427488640407,16.9403018951416
2018-07-24,15.93972124279003,16.1224372540401,15.809210754486209,15.896218299865724,17133000,0.0,0,0.0,1.3753201207362034,15.481626892089844,15.973220018294102,14.990033765885586,15.487282848048737,15.757003794457757,16.323465886444872,16.19427488640407,16.98380470275879
2018-07-25,15.84401073282055,15.991923043023698,15.774405037403223,15.913618087768556,13383300,0.0,0,0.0010945866227176637,1.3768255277423156,15.486412286758423,15.992809539461552,14.980015034055294,15.487282848048737,15.757003794457757,16.323465886444872,16.19427488640407,16.835895538330078
2018-07-26,15.939720828029948,16.11373591426101,15.852713284914415,16.000625610351562,12116100,0.0,0,0.0054674884179783945,1.3843533053688237,15.50946922302246,16.063708212589265,14.955230233455653,15.565590387672744,15.757003794457757,16.323465886444872,16.19427488640407,16.93160057067871
2018-07-27,16.026727126942117,16.192041280074704,15.957121429759566,16.148536682128906,10344500,0.0,0,0.009244080536554344,1.3971503788146984,15.534266376495362,16.153239887912573,14.91529286507815,15.60909337023487,15.739602373670461,16.308239038813795,16.19427488640407,17.088214874267578
2018-07-30,16.157235962951564,16.44435964214908,16.157235962951564,16.374753952026367,13781200,0.0,0,0.014008530577746425,1.416722402618034,15.579509973526001,16.29842794753176,14.860591999520242,15.735252551272058,15.739602373670461,16.308239038813795,16.19427488640407,17.340532302856445
2018-07-31,16.43566050922894,16.470464187837106,16.139835879182478,16.192041397094727,12467000,0.0,0,-0.011158186282794857,1.4009143501386134,15.610832738876343,16.37809857083924,14.843566906913448,15.74830482411607,15.66129631494724,16.308239038813795,16.19427488640407,17.156526565551758
2018-08-01,16.26164383747272,16.653175186204017,16.23554108374514,16.383453369140625,14581000,0.0,0,0.011821361331267433,1.4174750648657597,15.666082000732422,16.48749156678038,14.844672434684464,15.839660323299526,15.752651814130695,16.271260392138192,16.19427488640407,17.18281364440918
2018-08-02,16.287750035384544,16.696685007603104,16.24424709173747,16.592275619506836,11759500,0.0,0,0.012745923930759462,1.435542094216287,15.73612289428711,16.620868182043168,14.851377606531052,16.074583159805556,15.77440672483024,16.22558279358003,16.19427488640407,17.121479034423828
2018-08-03,16.58357156893584,16.7662875487363,16.52266679551256,16.65317726135254,10476500,0.0,0,0.0036704815687911285,1.440811225014332,15.803553342819214,16.750533322283374,14.856573363355055,16.270346293069764,15.809207995396838,16.15253067186148,16.19427488640407,17.217863082885742
2018-08-06,16.635774612426758,16.75758414118419,16.47046049516284,16.635774612426758,10461900,0.0,0,-0.0010450047250843975,1.4393055704762372,15.849231910705566,16.862656989824686,14.835806831586446,16.270346293069764,15.809207995396838,16.093953162628843,16.19427488640407,16.779747009277344
2018-08-07,16.71408460404891,16.91420245259812,16.661880741594313,16.80109214782715,11555600,0.0,0,0.009937471458461689,1.4536086285028498,15.911442375183105,16.996472769575693,14.826411980790516,16.383457868756267,15.883165447327746,16.08545591511841,16.19427488640407,16.534406661987305
2018-08-08,16.84459345392997,16.91419914342842,16.69668115630445,16.853294372558594,8902400,0.0,0,0.0031070732945295276,1.4581250970531687,15.984528303146362,17.11607863337937,14.852977972913353,16.435661941178843,15.883165447327746,16.037601694654686,16.15652399761639,16.62203025817871
2018-08-09,16.809792101578733,16.914201480015155,16.722784562803515,16.77499008178711,7004500,0.0,0,-0.004646230525646278,1.4513503117170294,16.06109471321106,17.188949054019055,14.933240372403063,16.527019165890298,15.883165447327746,15.989751362383782,16.117374375739132,16.63079071044922
2018-08-10,16.583571164950044,16.72278254639216,16.505264555447532,16.64447593688965,8846900,0.0,0,-0.00778028149412513,1.4400583977452848,16.14462161064148,17.180809387361656,15.108433833921305,16.527019165890298,15.883165447327746,15.937545252240174,16.065168265595524,16.569454193115234
2018-08-13,16.64447509217577,16.818490139912367,16.487863540649414,16.487863540649414,9497400,0.0,0,-0.009409271690743348,1.4265084970303628,16.207266664505006,17.16347213896379,15.251061190046222,16.57487176817163,15.883165447327746,15.713501575414416,15.969460753821949,16.788515090942383
2018-08-14,16.513966395966357,16.774988995387393,16.513966395966357,16.70538330078125,10964900,0.0,0,0.013192719577982848,1.445328023607294,16.275132369995116,17.167663112084714,15.382601627905519,16.579224772167795,15.883165447327746,15.687400026318318,15.969460753821949,17.077665328979492
2018-08-15,16.55747359649536,16.670582245696306,16.487867890941487,16.592275619506836,10243200,0.0,0,-0.006770732478142194,1.435542094216287,16.319071197509764,17.182415430492732,15.455726964526797,16.69233147388048,15.883165447327746,15.683049645672105,15.969460753821949,17.033855438232422
2018-08-16,16.696682115492617,16.95770305122425,16.670579358107197,16.879396438598633,10024400,0.0,0,0.01730448708037624,1.460383413838989,16.396507453918456,17.162712154938294,15.630302752898617,16.714081773193545,15.904915746640812,15.683049645672105,15.969460753821949,16.902421951293945
2018-08-17,16.844594009874648,16.975104474550335,16.80108941529569,16.95770263671875,10071100,0.0,0,0.004639158657418152,1.46715836419645,16.469158363342284,17.153696461945994,15.784620264738576,16.731484007599875,15.913616458303855,15.683049645672105,15.969460753821949,16.867374420166016
2018-08-20,16.905496475795363,17.001204911277906,16.809788040312824,16.948999404907227,8298700,0.0,0,-0.0005132317742545522,1.4664053719060812,16.52179741859436,17.183288475271972,15.860306361916749,16.744534225963662,16.004974216291647,15.580813651315594,15.912904622571949,16.595741271972656
2018-08-21,16.96640748266304,17.149121843593772,16.896801774756433,17.001211166381836,9948200,0.0,0,0.0030805217598564028,1.4709226655630083,16.577047061920165,17.20360168307492,15.95049244076541,16.818492692121595,16.087633651994402,15.565586803684518,15.912904622571949,16.24525260925293
2018-08-22,16.93160149634534,17.044711793518104,16.8619957979047,16.992507934570312,6141200,0.0,0,-0.0005119183407787942,1.4701696732726395,16.630991554260255,17.20257831815324,16.05940479036727,16.818492692121595,16.087633651994402,15.565586803684518,15.912904622571949,16.078765869140625
2018-08-23,16.948998010940603,16.975100761979128,16.757582815248792,16.82718849182129,5897000,0.0,0,-0.009728960750560511,1.4558664502247056,16.67231969833374,17.169557312148825,16.175082084518657,16.818492692121595,16.087633651994402,15.565586803684518,15.912904622571949,15.89476203918457
2018-08-24,16.91420066318734,16.92290158259775,16.722783755219687,16.757587432861328,7958500,0.0,0,-0.004136226262265397,1.4498446571789352,16.702772235870363,17.138082280845303,16.267462190895422,16.81849486726763,16.087633651994402,15.565586803684518,15.912904622571949,15.868473052978516
2018-08-27,16.835895116318373,17.062114056751327,16.80109143646832,16.914201736450195,8804700,0.0,0,0.00934587417289845,1.4633947229151787,16.729744625091552,17.146681698166223,16.31280755201688,16.81849486726763,16.30080157780089,15.543835126163104,15.912904622571949,16.18391227722168
2018-08-28,16.975105573057014,17.001208331493572,16.81849234149907,16.9403018951416,8124800,0.0,0,0.0015430913677207947,1.4656528746796773,16.767157649993898,17.11166055262584,16.422654747361957,16.909850600850483,16.461763440498498,15.57863954856349,15.912904622571949,16.359161376953125
2018-08-29,16.957701947072977,17.07081222884764,16.82719148770497,16.98380470275879,9292200,0.0,0,0.002568006632140518,1.4694166809822706,16.797175216674805,17.105006958225644,16.489343475123967,16.935952799406728,16.461763440498498,15.622143321253247,15.912904622571949,16.24525260925293
2018-08-30,16.95770510179697,16.99250878251942,16.818493697968854,16.835895538330078,8096700,0.0,0,-0.008708835683013061,1.4566197725577177,16.809356212615967,17.102570845391433,16.5161415798405,16.935952799406728,16.500917564254095,15.622143321253247,15.912904622571949,16.376684188842773
2018-08-31,16.74888624458523,16.983806086303133,16.687981469220734,16.93160057067871,7923500,0.0,0,0.005684582214871892,1.46490004741063,16.823277378082274,17.111861536065934,16.534693220098614,16.918551656407253,16.553121636676668,15.66129709106525,15.912904622571949,16.2890625
2018-09-04,16.97510623568865,17.131719473360064,16.89679961685294,17.088214874267578,8883300,0.0,0,0.009249822716706602,1.4784501131468735,16.845899391174317,17.14304415403314,16.548754628315493,16.909850471290397,16.644478861388123,15.674347871952666,15.912904622571949,16.0086727142334
2018-09-05,17.096911586486588,17.392736149389144,17.07081049298542,17.340532302856445,10739500,0.0,0,0.014765581451624987,1.5002802887147078,16.87287139892578,17.239498303528226,16.506244494323337,17.04035880930494,16.76628601428581,15.73742746247126,15.912904622571949,15.544268608093262
2018-09-06,17.331772654207096,17.375583340735652,17.139001622432108,17.156526565551758,8587600,0.14,0,-0.010611308470292902,1.4843603517792558,16.88803300857544,17.274913414720565,16.501152602430317,17.04035880930494,16.814138616567142,15.704800569531656,15.912904622571949,15.149969100952148
2018-09-07,17.34053478686236,17.3492955869804,17.11271554457116,17.18281364440918,8874100,0.0,0,0.0015321911901564622,1.4866346756332696,16.908424186706544,17.31213287059399,16.504715502819096,17.04035880930494,16.818491620563307,15.79615606871511,15.912904622571949,15.036055564880373
2018-09-10,17.261675242439384,17.270436043078558,17.095191618694425,17.121479034423828,6645600,0.0,0,-0.003569532397583064,1.4813280849952262,16.932274341583252,17.32695403285477,16.537594650311735,17.04035880930494,16.931598322275992,15.924494942317898,15.912904622571949,15.088631629943848
2018-09-11,17.112716761288052,17.340536019777243,17.086429345253308,17.217863082885742,8759200,0.0,0,0.005629423034547942,1.4896671074386212,16.96877431869507,17.325064752358873,16.612483885031263,17.04035880930494,16.931598322275992,16.0397771442333,15.912904622571949,15.185014724731444
2018-09-12,17.174049834683107,17.235385458352805,16.770984538571614,16.779747009277344,11764500,0.0,0,-0.02544543835081825,1.45176187489305,16.972492504119874,17.319024761829485,16.625960246410262,17.04035880930494,16.94029984501928,16.0397771442333,15.847955339783608,14.93091106414795
2018-09-13,16.93747033917587,16.95499528286336,16.481831830924833,16.534406661987305,14796500,0.0,0,-0.01462121849360376,1.430535347319555,16.969599056243897,17.329634189335213,16.60956392315258,16.93728399015699,16.93728399015699,16.133311658042008,15.883165447327746,14.808237075805664
2018-09-14,16.569457091364374,16.709653317049835,16.551932145335982,16.62203025817871,11172100,0.0,0,0.005299470249080951,1.4381164268329336,16.9567307472229,17.346263629516763,16.567197864929035,16.93728399015699,16.93728399015699,16.159413694253296,15.883165447327746,14.361360549926758
2018-09-17,16.622028238499716,16.718413758673602,16.490594501798466,16.63079071044922,16291000,0.0,0,0.0005270386429598872,1.43887436976295,16.940385150909425,17.3552769996507,16.525493302168147,16.93728399015699,16.93728399015699,16.20509230660902,15.883165447327746,14.26497745513916
2018-09-18,16.61326487925222,16.64831476517825,16.49059362105222,16.569454193115234,11182200,0.0,0,-0.0036881299513585875,1.4335676141035851,16.921407890319824,17.366922346905962,16.475893433733685,16.928707585830242,16.93728399015699,16.20509230660902,15.883165447327746,13.546469688415527
2018-09-19,16.5957456848013,16.884900629648403,16.560695790264216,16.788515090942383,8512800,0.0,0,0.013220767278995238,1.4525204779083531,16.910773086547852,17.35833190091327,16.463214272182434,16.915563708952618,16.93728399015699,16.229018607749687,15.883165447327746,14.072206497192385
2018-09-20,16.90242091840642,17.130238485024364,16.876133504748736,17.077665328979492,8848900,0.0,0,0.017223097842233193,1.477537380217216,16.91503095626831,17.367265877685163,16.462796034851458,16.91118392535104,16.93728399015699,16.23119510974777,15.883165447327746,14.072206497192385
2018-09-21,17.086428596728133,17.13023928359613,16.95499486485357,17.033855438232422,14424400,0.0,0,-0.0025653325500371027,1.4737470054818482,16.925364303588868,17.37855217525699,16.472176431920747,16.91118392535104,16.93728399015699,16.287748460604114,15.883165447327746,14.396411895751951
2018-09-24,16.998805798054367,17.086428844330694,16.849847120765787,16.902421951293945,8067000,0.0,0,-0.007716015168443557,1.462375551233102,16.9326060295105,17.379352216532006,16.485859842488992,16.85860864463882,16.93728399015699,16.30949875991718,15.904915746640812,14.475272178649902
2018-09-25,17.007570645281312,17.042620537195553,16.858611947187455,16.867374420166016,7670800,0.0,0,-0.0020735212520975876,1.4593432844490724,16.93026466369629,17.377871468283747,16.48265785910883,16.80603555726048,16.93728399015699,16.322550232951865,15.913616458303855,14.869574546813965
2018-09-26,16.946231767792828,16.97251918170578,16.5694538580597,16.595741271972656,9266800,0.0,0,-0.016104056353228535,1.4358419379575988,16.913036632537843,17.383947940010863,16.442125325064822,16.810416452324176,16.93728399015699,16.374754221127652,15.92666667666764,15.079867362976074
2018-09-27,16.56069325544988,16.56945572774295,16.227727664666794,16.24525260925293,13998400,0.0,0,-0.021119192989085822,1.4055181149680493,16.876109027862547,17.42873370106125,16.323484354663844,16.678983474131464,16.81023190702797,16.453063172058,16.000625142825573,15.123680114746094
2018-09-28,16.166388903857296,16.306585090895823,16.026192716818773,16.078765869140625,13617100,0.0,0,-0.010248331873736305,1.3911138988713085,16.838252544403076,17.49232826556989,16.184176823236264,16.57821600020745,16.70946443310396,16.453063172058,16.000625142825573,15.17625331878662
2018-10-01,16.16639369442558,16.19267944274054,15.842188871283774,15.89476203918457,15586500,0.0,0,-0.011443902564014952,1.3751941269571784,16.78641061782837,17.55788261996257,16.01493861569417,16.486214077439953,16.61746251033646,16.453063172058,16.000625142825573,15.456645011901855
2018-10-02,15.91228373874466,16.07876735294296,15.789612481583031,15.868473052978516,11908900,0.0,0,-0.001653940218874994,1.3729196380818431,16.725423526763915,17.581039463451123,15.869807590076707,16.45992588258958,16.591174315486086,16.453064259631017,16.000625142825573,15.3514986038208
2018-10-03,15.973617995319822,16.262772841843674,15.956093054010404,16.18391227722168,12179000,0.0,0,0.019878360267559403,1.4002110292660412,16.667592525482178,17.505054900454713,15.830130150509644,16.45992588258958,16.591174315486086,16.55964822253426,16.000625142825573,15.48293685913086
2018-10-04,16.254013380897057,16.586980642349026,16.218965163058833,16.359161376953125,11839600,0.0,0,0.010828599211953449,1.41537335331412,16.627724266052248,17.44369929412793,15.811749237976565,16.438020662956863,16.591174315486086,16.68580702067449,16.000625142825573,15.106154441833496
2018-10-05,16.446784458181398,16.490595148376038,16.166392029886016,16.24525260925293,8604000,0.0,0,-0.006962995539653405,1.4055181149680493,16.580846214294432,17.370913639434004,15.790778789154862,16.41611650938929,16.591174315486086,16.69885811995261,16.000625142825573,14.83452606201172
2018-10-08,16.21896305093336,16.49935544220766,16.166389895387052,16.376684188842773,8363500,0.0,0,0.008090460810377564,1.416889404195474,16.54360647201538,17.297217503585646,15.789995440445114,16.381065831644406,16.591174315486086,16.71843518183041,16.000625142825573,14.7907133102417
2018-10-09,16.31534991558905,16.411733763540994,16.20143945264045,16.2890625,8757100,0.0,0,-0.005350392535655613,1.4093084897034172,16.497166442871094,17.190267483228528,15.804065402513661,16.188296561966027,16.591174315486086,16.735836646541962,16.000625142825573,14.34383773803711
2018-10-10,16.26277775490473,16.446786351702702,15.991147767629611,16.0086727142334,12205900,0.0,0,-0.01721337773531173,1.3850495303245705,16.458612728118897,17.17028745002913,15.746938006208667,16.188296561966027,16.591174315486086,16.77716466633926,16.000625142825573,14.413934707641602
2018-10-11,15.894759115071295,16.052480261029054,15.4916954498642,15.544268608093262,15154200,0.0,0,-0.029009532172347585,1.344869891414325,16.409105825424195,17.224240058628407,15.593971592219983,16.039338046106614,16.433639395299927,16.903322411795376,16.122432295723257,14.194881439208984
2018-10-12,15.745802193507195,15.772089611183306,14.852051719039247,15.149969100952148,19965800,0.0,0,-0.025366230929374067,1.3107556111787468,16.335502767562865,17.312194443916564,15.358811091209166,15.719516180694136,16.100673653009824,16.92724871293604,16.122432295723257,14.133543014526367
2018-10-15,15.149966013659848,15.30768547376384,15.036055564880373,15.036055564880373,13905800,0.0,0,-0.0075190606206989585,1.3008999602793725,16.255766010284425,17.37469236327267,15.136839657296182,15.719516180694136,16.096293869408246,16.929425214934124,16.122432295723257,13.87067699432373
2018-10-16,15.097394102407836,15.14996893719176,14.860812359692387,15.088631629943848,14614600,0.0,0,0.0034966660529158755,1.305448773008721,16.181724882125856,17.4004764196466,14.962973344605109,15.719516180694136,16.096293869408246,16.985978565790468,16.122432295723257,13.861910820007324
2018-10-17,15.036056059232678,15.360260803413691,14.83452423863742,15.185014724731444,15434200,0.0,0,0.0063877956034343875,1.3137877129414548,16.101549863815308,17.360826636928675,14.84227309070194,15.66693984042254,16.03495484849511,16.985978565790468,16.122432295723257,13.98458480834961
2018-10-18,15.141205374326995,15.333974740840135,14.878336233150224,14.93091106414795,13042300,0.0,0,-0.01673384354179397,1.291802994905961,15.99421215057373,17.268426028781697,14.719998272365764,15.66693984042254,15.982381761116773,16.990329327162108,16.122432295723257,14.317549705505373
2018-10-19,14.895860116628164,15.132441825467764,14.746901448611062,14.808237075805664,16990800,0.0,0,-0.008216108703296032,1.2811894010765703,15.882931232452393,17.16331936871263,14.602543096192152,15.596843900156882,15.938570366103596,16.93728399015699,16.122432295723257,14.247453689575195
2018-10-22,14.84328642130423,14.957195200345195,14.343837279415371,14.361360549926758,20725400,0.0,0,-0.030177564256384848,1.2425262256009828,15.755878162384032,17.109419276284854,14.402337048483213,15.395311815559037,15.73703828150575,16.93728399015699,16.122432295723257,14.396411895751951
2018-10-23,13.765527451619429,14.396411182802884,13.765527451619429,14.26497745513916,21101400,0.0,0,-0.00671127881321032,1.2341872856682488,15.62575831413269,17.02691549254115,14.224601135724233,14.90900385632424,15.44788336760778,16.93728399015699,16.122432295723257,14.203642845153809
2018-10-24,14.212401584884685,14.229926526293577,13.51142064123294,13.546469688415527,29458900,0.0,0,-0.050368657713144915,1.1720229287225092,15.473294734954834,17.071157019865478,13.87543245004419,14.641755126208123,15.320829962414535,16.932995787993615,16.122432295723257,14.413934707641602
2018-10-25,13.686666948018525,14.264977525232208,13.607806376778692,14.072206497192385,16413200,0.0,0,0.038809875994957554,1.2175089932494767,15.364642429351807,17.032528753490926,13.69675610521269,14.435840722323316,15.320829962414535,16.9264238495548,16.122432295723257,14.571656227111816
2018-10-26,13.879437140423086,14.221165168282006,13.800576569183251,14.072206497192385,15845900,0.0,0,0.0,1.2175089932494767,15.264314460754395,16.98935521073591,13.539273710772882,14.435840722323316,15.320829962414535,16.924233957754012,16.122432295723257,13.660382270812988
2018-10-29,14.300026377432376,14.632993620025136,14.229928274455574,14.396411895751951,15731100,0.0,0,0.02303870388941842,1.2455588224276553,15.189396953582763,16.92865151240249,13.450142394763038,14.435840722323316,15.298924742781818,16.924233957754012,16.122432295723257,13.527755737304688
2018-10-30,14.4577472354414,14.54537028021334,14.116019199228456,14.475272178649902,20155600,0.0,0,0.005477773452787993,1.2523817114790354,15.119736909866333,16.856186369247176,13.38328745048549,14.422697691036538,15.277020589214246,16.897946317397903,16.122432295723257,13.174089431762695
2018-10-31,14.64175528093428,15.114918757285324,14.64175528093428,14.869574546813965,21663900,0.0,0,0.027239720490066732,1.2864962392465957,15.054020023345947,16.721794792832483,13.386245253859409,14.321931233350352,15.241969911469361,16.871659773708735,16.122432295723257,12.723162651062012
2018-11-01,14.930910362626376,15.132442191503594,14.887098005520109,15.079867362976074,13956400,0.0,0,0.014142490459296164,1.3046905000360611,14.990055322647095,16.545900539577236,13.434210105716954,14.321931416368267,15.049200641790982,16.87385022124058,16.200739835347264,12.519804954528809
2018-11-02,15.23758890365385,15.395310050811188,14.94843402428892,15.123680114746094,10271500,0.0,0,0.0029053804463550215,1.308481122303411,14.933976697921754,16.38069504866529,13.487258347178214,14.453365346022064,15.049200641790982,16.744607690579716,16.20944080489209,12.608221054077148
2018-11-05,15.158728375434348,15.290163779305807,15.027294642833471,15.17625331878662,8068400,0.0,0,0.003476217669353243,1.3130296875007772,14.873955154418946,16.166029392230982,13.58188091660691,14.453365346022064,15.049200641790982,16.643840216655704,16.20944080489209,12.183822631835938
2018-11-06,15.141204402514608,15.456645011901855,15.10615451743241,15.456645011901855,14261100,0.0,0,0.018475686141067538,1.3372888119009456,14.832334280014038,15.98394594517814,13.680722614849936,14.532225694340273,15.049200641790982,16.551838293888206,16.20944080489209,11.90972900390625
2018-11-07,15.456644915873133,15.509219743169792,15.03605632512282,15.3514986038208,13347800,0.0,0,-0.006802666943576119,1.328191681506213,14.799475574493409,15.846641113623749,13.752310035363069,14.654898156176522,15.049200641790982,16.525550099037833,16.20944080489209,11.838996887207031
2018-11-08,15.290167449792284,15.666943794689818,15.255117554673824,15.48293685913086,10510200,0.0,0,0.008561916898285338,1.339563548308263,14.796408987045288,15.835065031938335,13.75775294215224,14.891481496959138,15.049200641790982,16.525550099037833,16.422608730698574,11.697529792785645
2018-11-09,15.447882463322207,15.579317860452177,15.00976892961032,15.106154441833496,17214000,0.0,0,-0.0243353325486928,1.3069648238900746,14.794218254089355,15.830032348952976,13.758404159225734,14.891481496959138,15.005388041720298,16.514597489221472,16.583570593396182,11.352704048156738
2018-11-12,15.097393541074773,15.22006647973878,14.808238645597145,14.83452606201172,13848600,0.0,0,-0.017981305623988253,1.2834638899519053,14.784141778945923,15.814192090202225,13.754091467689621,15.154349537812049,15.005388041720298,16.503645412437688,16.583570593396182,11.414597511291504
2018-11-13,14.860811414223106,15.097393141886837,14.781952509605825,14.7907133102417,12300100,0.0,0,-0.002953431177165622,1.279673267684555,14.769245862960815,15.789720897816954,13.748770828104677,15.224448152147822,14.979103496467822,16.486120073565246,16.591174315486086,11.370387077331545
2018-11-14,14.895860051651049,14.992245563262404,14.159829185985473,14.34383773803711,16666000,0.0,0,-0.030213253602526025,1.2410101747196285,14.727187013626098,15.744956863110389,13.709417164141808,14.913386490337645,14.979103496467822,16.389735438726056,16.591174315486086,11.113978385925291
2018-11-15,14.194877959326504,14.475270329766571,14.054681774106468,14.413934707641602,16979800,0.0,0,0.004886904807812176,1.2470748733090096,14.701338195800782,15.723396042473059,13.679280349128504,14.860812784398142,14.781950451130996,16.389735438726056,16.591174315486086,11.838996887207031
2018-11-16,14.291265295632336,14.378888350693286,14.12478332941438,14.194881439208984,17433000,0.0,0,-0.015197326259323574,1.228122669589528,14.670670413970948,15.714868574203921,13.626472253737974,14.860812784398142,14.641755126208123,16.23648872070327,16.442215799626673,11.81247329711914
2018-11-19,14.203641118784706,14.36136227118363,13.958298589515834,14.133543014526367,18830200,0.0,0,-0.004321164987908133,1.2228157489088414,14.659279537200927,15.721736106356296,13.596822968045558,14.812621192102826,14.58918221796138,15.91009491685198,16.122393934214195,11.803629875183104
2018-11-20,13.993349107443343,14.028398163243889,13.704194188179986,13.87067699432373,16370200,0.0,0,-0.018598734933800043,1.2000729229220097,14.639564514160156,15.744800866406516,13.534328161913797,14.685568991434902,14.58918221796138,15.90790502505119,16.122393934214195,11.830153465270996
2018-11-21,13.967057959332193,14.11601745125307,13.71295216372163,13.861910820007324,12623700,0.0,0,-0.0006319932559883945,1.1993144849280288,14.655336570739745,15.704730315575784,13.605942825903707,14.64175602431608,14.58918221796138,15.90790502505119,16.122393934214195,12.08656406402588
2018-11-23,13.739241449784965,14.03715880300254,13.642855932193807,13.98458480834961,17990100,0.0,0,0.008849717036501614,1.2099280787574196,14.650955486297608,15.710843978480213,13.591066994115003,14.431461205966293,14.58918221796138,15.850947344458826,16.113630194013282,12.06887912750244
2018-11-26,14.247451610437931,14.405172742157273,14.116017891095284,14.317549705505373,15245900,0.0,0,0.023809423141183617,1.2387357683549542,14.663222646713256,15.70125295136714,13.625192342059373,14.370124537040322,14.58918221796138,15.824660800769657,16.113630194013282,12.51096248626709
2018-11-27,14.221166273362364,14.4665104775368,14.159830640136422,14.247453689575195,14286400,0.0,0,-0.0048958109014438644,1.2326711522762337,14.65577473640442,15.703553522799547,13.607995950009292,14.317550747728106,14.58918221796138,15.767707133130239,16.069818799000103,12.723162651062012
2018-11-28,14.29126390565145,14.47527247050968,14.07220712494012,14.396411895751951,14888000,0.0,0,0.010455075652272328,1.2455588224276555,14.651831722259521,15.702922129971139,13.600741314547903,14.059064201351744,14.58918221796138,15.566175048532394,15.868286714402258,12.855789184570312
2018-11-29,14.273742629203,14.35260154371666,14.133544732375457,14.203642845153809,14182800,0.0,0,-0.013390076082431701,1.2288806950302051,14.618535137176513,15.6821779875031,13.554892286849926,14.059064201351744,14.58918221796138,15.17844361196601,15.579131800504285,12.997255325317385
2018-11-30,14.186115488841455,14.492795270736666,14.159828077386315,14.413934707641602,20201000,0.0,0,0.014805487914640425,1.2470748733090098,14.58523850440979,15.630363070688677,13.540113938130904,14.067825601465238,14.637375085734256,14.98129254431133,15.452078395311041,13.006094932556152
2018-12-03,14.703091631739271,14.764427262554436,14.413936749845936,14.571656227111816,15801800,0.0,0,0.010942294569060262,1.2607207339224304,14.557637310028076,15.572833522858366,13.542441097197786,14.203641597374123,14.654899863441813,14.878335342368926,15.452078395311041,13.06799030303955
2018-12-04,14.484036312141772,14.510322058699964,13.502661106380796,13.660382270812988,17607800,0.0,0,-0.06253743171646642,1.181878497111223,14.481843757629395,15.527211685206028,13.436475830052762,14.133544184467617,14.584802450535307,14.878335342368926,15.452078395311041,13.227139472961426
2018-12-06,13.412813922137696,13.527755737304688,13.094514094664984,13.527755737304688,19708900,0.14,0,-0.009708844956094143,1.1704038220258286,14.385399293899535,15.408679544950816,13.362119042848255,13.92947067860971,14.3807289446774,14.867382732552567,15.452078395311041,13.359764099121094
2018-12-07,13.518914903768913,13.70459002820188,13.1033561313318,13.174089431762695,14311700,0.0,0,-0.026143753066645625,1.139805073514527,14.27652883529663,15.328729429911819,13.224328240681443,13.92947067860971,14.3807289446774,14.849859140125393,15.452078395311041,13.616170883178713
2018-12-10,13.085670963854056,13.085670963854056,12.52864568692702,12.723162651062012,18644900,0.0,0,-0.03422830724175141,1.1007914752625647,14.138540124893188,15.244763646187332,13.032316603599044,13.646536474740728,14.097794740808418,14.781950572409857,15.452078395311041,13.801847457885742
2018-12-11,12.873472270889454,12.997255114889404,12.484438307213484,12.519804954528809,17283500,0.0,0,-0.01598326627666191,1.0831972319983636,14.009222650527954,15.232578076588712,12.785867224467196,13.624432784883961,14.07569105095165,14.685566029079624,15.452078395311041,13.881423950195312
2018-12-12,12.864629438791711,12.864629438791711,12.493279248073058,12.608221054077148,11803900,0.0,0,0.007062098800217909,1.0908468778708587,13.897907400131226,15.203906524954384,12.591908275308068,13.624432784883961,14.07569105095165,14.751282993906523,15.452078395311041,13.784165382385254
2018-12-13,12.608223286313136,12.625906190178974,12.095406426091811,12.183822631835938,13554100,0.0,0,-0.033660452209788305,1.0541284786700897,13.767562866210938,15.206248176677812,12.328877555744063,13.429916844323124,13.881175110390814,14.751282993906523,15.452078395311041,13.589646339416504
2018-12-14,12.042353708581102,12.263395445177393,11.847836744278318,11.90972900390625,15312900,0.0,0,-0.022496521511523815,1.0304142546737782,13.645857429504394,15.270861644554538,12.02085321445425,13.306132003416376,13.757390269484068,14.790713168065627,15.452078395311041,13.713431358337402
2018-12-17,11.759421719244656,12.166138588557722,11.759421719244656,11.838996887207031,15430200,0.0,0,-0.005939019827908676,1.0242946039843108,13.517110538482665,15.281884370833268,11.752336706132063,13.13487188897231,13.713182756967237,14.852049398983752,15.452078395311041,13.837213516235352
2018-12-18,11.88320490901434,12.1396133225485,11.600271719792485,11.697529792785645,13604800,0.0,0,-0.011949246694561877,1.0120550550733938,13.3922429561615,15.29695282651037,11.487533085812629,12.652430873997183,13.58979479012233,14.97034106937506,15.452078395311041,13.863739967346191
2018-12-19,11.67984572640333,11.892045597178312,11.273128885814288,11.352704048156738,21492100,0.0,0,-0.029478509628723004,0.982221180387615,13.253201007843018,15.321941090258306,11.184460925427729,12.488859457008083,13.246597682776533,14.948434769339718,15.452078395311041,13.731115341186523
2018-12-20,11.27313090543067,11.60027264228572,11.255447158094324,11.414597511291504,20242600,0.0,0,0.005451869693090083,0.9875761222728814,13.130397033691406,15.327009372581578,10.933784694801233,12.17055906097419,13.17642014999058,15.079868789766174,15.452078395311041,13.642696380615234
2018-12-21,11.388070821699197,11.626795468211103,11.326179402827098,11.370387077331545,31504500,0.0,0,-0.003873148739254706,0.9837510930599821,13.005820846557617,15.303746951602179,10.707894741513055,12.126351136491863,13.123846360678364,15.101775824307822,15.452078395311041,13.41281509399414
2018-12-24,11.255444964211824,11.37038676987146,11.07861174135366,11.113978385925291,7330100,0.0,0,-0.02255056838983438,0.9615669467573587,12.862290525436402,15.255429692516639,10.469151358356164,11.971620590072686,12.921519501954048,14.946244993402733,15.452078395311041,13.554280281066896
2018-12-26,11.14934599367136,11.838996887207031,10.954829853327094,11.838996887207031,16054400,0.0,0,0.0652348309584534,1.024294603984311,12.738362884521484,15.072572872927154,10.404152896115814,11.790368021753034,12.859628557940766,14.821381617764569,15.452078395311041,13.678064346313477
2018-12-27,11.671006682323677,11.81247329711914,11.361548673260485,11.81247329711914,13462400,0.0,0,-0.002240357890164746,1.0219998174864215,12.616613864898682,14.875257251916448,10.357970477880915,11.609112649252243,12.859628557940766,14.751283955303133,15.443501990984295,13.62501335144043
2018-12-28,11.85667942338204,12.006987881957956,11.724054709677343,11.803629875183104,12257100,0.0,0,-0.0007486511684384745,1.0212346961289165,12.48697476387024,14.61457265236723,10.35937687537325,11.560484220942408,12.859628557940766,14.700901705032102,15.43035811410667,13.62501335144043
2018-12-31,11.856678236715751,11.99814480869749,11.653320250293827,11.830153465270996,10700600,0.0,0,0.0022470706357591297,1.0235294826268062,12.368300294876098,14.358553250552477,10.37804733919972,11.547221587937798,12.859628557940766,14.637375604698141,15.425978330505092,13.713431358337402
2019-01-02,11.635638650372236,12.09540593720515,11.591430127683312,12.08656406402588,11301300,0.0,0,0.021674325654997828,1.045713793950751,12.251931762695312,14.005873041765453,10.497990483625172,11.525117895266122,12.859628557940766,14.61546912113873,15.425978330505092,13.651538848876951
2019-01-03,12.01582958007313,12.272237974534416,11.927412543414473,12.06887912750244,12302100,0.0,0,-0.0014631897394296045,1.0441837162570622,12.126792907714844,13.516668522112818,10.73691729331687,11.613533913930755,12.859628557940766,14.510321711963837,15.373403049792874,13.580804824829102
2019-01-04,12.307604484687428,12.546329131898656,12.21034642000246,12.51096248626709,16824000,0.0,0,0.03663002620990996,1.0824321931515195,12.06932191848755,13.282874405774939,10.85576943120016,11.750579492612875,12.859628557940766,14.479653377500851,15.320829962414535,13.678064346313477
2019-01-07,12.484437171004435,12.926520643815673,12.396020982366572,12.723162651062012,10922400,0.0,0,0.016961138283952737,1.1007914752625647,12.029092264175414,13.088592010005751,10.969592518345078,11.940675248571385,12.859628557940766,14.453366482844743,15.320829962414535,13.784165382385254
2019-01-08,12.873472930738073,12.90883957986617,12.56401411846167,12.855789184570312,10790100,0.0,0,0.010424022481331008,1.1122661503479592,12.013177251815796,13.010485244932607,11.015869258698984,11.940675248571385,12.859628557940766,14.324123209656562,15.320829962414535,13.713431358337402
2019-01-09,12.908839127201285,13.094514239414709,12.802738340330132,12.997255325317385,8797500,0.0,0,0.011004080629827273,1.1245056167482157,12.026881885528564,13.069832726878309,10.983931044178819,12.228031456337597,12.859628557940766,14.324123209656562,15.320829962414535,14.146673202514648
2019-01-10,12.97957016206242,13.129878600205656,12.873470236880236,13.006094932556152,9324900,0.0,0,0.0006801133791338732,1.1252704080630773,12.051196384429932,13.160295211988343,10.942097556871522,12.360654363944484,12.859628557940766,14.352600343599747,15.320829962414535,14.27045440673828
2019-01-11,12.944207441103767,13.174090260359147,12.83810748378417,13.06799030303955,8807300,0.0,0,0.00475895115362146,1.1306255149696651,12.074184846878051,13.246475833375326,10.901893860380776,12.38276019402123,12.73257595601353,14.429270730407968,15.320829962414535,14.464974403381348
2019-01-14,12.944206278846988,13.306714644607968,12.891155883346816,13.227139472961426,8154500,0.0,0,0.012178549741107325,1.1443948940422883,12.126350688934327,13.402909671975587,10.849791705893066,12.449072386145641,12.329709940764488,14.359173317501462,15.316450194988462,14.367714881896973
2019-01-15,13.182930854093808,13.359764099121096,13.01493948211974,13.359764099121094,14079000,0.0,0,0.010026705050685703,1.155869404106361,12.198852443695069,13.579595541207617,10.81810934618252,12.643588321267785,12.329709940764488,14.155099811643556,15.090471469497839,14.358871459960938
2019-01-16,13.49238804809993,13.695746044704972,13.403971014580236,13.616170883178713,12393700,0.0,0,0.01919246344136316,1.1780533853876627,12.287711143493652,13.789209077850764,10.786213209136541,12.953046232353717,12.325287949016033,14.155099811643556,15.068567315930268,14.47381591796875
2019-01-17,13.527756142378722,13.837214106441728,13.395130577888224,13.801847457885742,13514300,0.0,0,0.013636475063368403,1.1941178810008182,12.392927026748657,14.006260744513808,10.779593308983506,13.11661754440415,12.396021979884411,13.872165607774573,14.7505824343164,14.323504447937012
2019-01-18,13.704590690571374,13.93447434968624,13.227140467982991,13.881423950195312,21818700,0.0,0,0.005765640618213386,1.2010027355584514,12.519363021850586,14.182911989443468,10.855814054257703,13.249244234073956,12.444652101506668,13.850061917917806,14.535709474781255,14.65064811706543
2019-01-22,13.784165382385254,13.934473858569898,13.651539809936027,13.784165382385254,16134200,0.0,0,-0.007006382641939979,1.1925880508391122,12.637841415405273,14.307364069908205,10.96831876090234,13.368606345008185,12.444652101506668,13.850061917917806,14.535709474781255,14.500337600708008
2019-01-23,13.837212856953348,13.899105118743062,13.47470453118685,13.589646339416504,12494900,0.0,0,-0.014111775183525133,1.1757585163791122,12.748804378509522,14.35997795274903,11.137630804270014,13.386290916735206,12.444652101506668,13.655545977356969,14.34119353422042,14.42076301574707
2019-01-24,13.510072495248489,13.784164655966393,13.483547719439471,13.713431358337402,14425900,0.0,0,0.009108774123272267,1.1864682351283233,12.878777027130127,14.35367513937582,11.403878914884434,13.386290916735206,12.444652101506668,13.531761136450221,14.217408693313672,14.28813934326172
2019-01-25,13.863739133926488,13.952155329941476,13.713430673172894,13.837213516235352,10185400,0.0,0,0.009026344659004204,1.197177706345552,12.978687858581543,14.428547955725628,11.528827761437457,13.421655606644146,12.453492591634285,13.424027322969774,14.173201180796841,14.24393081665039
2019-01-28,13.766481049713388,13.907947646407544,13.704589624461551,13.863739967346191,9985400,0.0,0,0.0019170370595000819,1.1994727403754237,13.081251192092896,14.47514721799992,11.687355166185872,13.483547406030608,12.453492591634285,13.121112832059756,14.093626181070755,13.943314552307127
2019-01-29,13.86374091707835,13.97868274556827,13.722274310693058,13.731115341186523,12582200,0.0,0,-0.009566294987647161,1.187998230311351,13.177625465393067,14.466322327074177,11.888928603711957,13.602911606775631,12.466756299447681,12.867728569892307,13.886242164010973,13.755975723266602
2019-01-30,13.757638185909157,13.899104763745578,13.633854508698628,13.642696380615234,11223900,0.0,0,-0.006439313804762592,1.1803483369068737,13.268252611160278,14.410245185119726,12.126260037200831,13.602911606775631,12.466756299447681,12.673489605482384,13.877401300150991,13.800580978393556
2019-01-31,13.554281696341723,13.651539774653823,13.200615190472764,13.41281509399414,19708300,0.0,0,-0.01685013579483674,1.160459307144783,13.334565162658691,14.338684459809544,12.330445865507839,13.589648968020516,12.466756299447681,12.625098748585113,13.851116754898513,13.889787673950195
2019-02-01,13.457022212910031,13.70458874116856,13.403971820965232,13.554280281066896,12146600,0.0,0,0.010547016870164683,1.1726986910343786,13.408835220336915,14.228475882896586,12.589194557777244,13.589648968020516,12.466756299447681,12.446570046013367,13.76269904652818,13.934392929077148
2019-02-04,13.545438784375314,13.731113896522825,13.457022586290604,13.678064346313477,8603500,0.0,0,0.009132470531798553,1.1834083272729288,13.467190313339234,14.181120148056015,12.753260478622453,13.589648968020516,12.670115709414377,12.3249982898469,13.503655057178074,14.103889465332031
2019-02-05,13.660379997754584,13.722272261209875,13.536597157258724,13.62501335144043,7942700,0.0,0,-0.0038785454966326904,1.1788184242345068,13.512282848358154,14.140440556379193,12.884125140337115,13.589648968020516,12.78505643662579,12.234370603596505,13.363459732255201,14.08604621887207
2019-02-06,13.545438186431742,13.70458851644912,13.49238863856419,13.62501335144043,7507700,0.0,0,0.0,1.1788184242345068,13.55074405670166,14.10213259041361,12.99935552298971,13.589648968020516,12.78505643662579,12.210056389441586,13.310886824008456,14.041444778442385
2019-02-07,14.03173119766786,14.376556656014753,13.545439144062984,13.713431358337402,32773500,0.0,0,0.006489388642516358,1.1864682351283231,13.586552858352661,14.078746686949279,13.094359029756044,13.788585923243758,12.983993391849033,12.203425072939282,13.310886824008456,14.246623992919922
2019-02-08,13.686905497065467,13.766480666291471,13.474705607934393,13.651538848876951,12905900,0.0,0,-0.004513276644129038,1.1811133757537176,13.6188250541687,14.032072049417959,13.205578058919443,13.788585923243758,13.151984599714613,12.192373226603443,13.310886824008456,13.943313598632812
2019-02-11,13.71343038083539,13.766479928672018,13.580804824829102,13.580804824829102,12148000,0.0,0,-0.005181395652964715,1.1749935600429287,13.644465780258178,13.971663981156883,13.317267579359473,13.788585923243758,13.293451538008608,12.23658123593576,13.310886824008456,13.34561538696289
2019-02-12,13.722272866959532,13.89026423356566,13.660380600772095,13.678064346313477,15124500,0.0,0,0.007161543276622329,1.1834083272729286,13.667012023925782,13.931620686188861,13.402403361662703,13.788585923243758,13.386288819190662,12.30510402527682,13.310886824008456,12.872812271118164
2019-02-13,13.739956858235512,13.837214936798972,13.66922355687891,13.784165382385254,8964000,0.0,0,0.007757021270365261,1.192588050839112,13.68823208808899,13.916014763582469,13.46044941259551,13.890264238489992,13.47028538723821,12.400151903256075,13.310886824008456,12.06993007659912
2019-02-14,13.642698060708412,13.819531304780888,13.510072495248489,13.713431358337402,8650200,0.0,0,-0.005131542032878023,1.1864682351283231,13.693095111846924,13.918633963615584,13.467556260078265,13.916789621152677,13.589647498172443,12.400151903256075,13.310886824008456,12.06993007659912
2019-02-15,13.890264784447366,14.173198821878712,13.810689612770032,14.146673202514648,9929200,0.0,0,0.03159251925039519,1.223951755686597,13.710336399078368,14.008449570864093,13.412223227292644,13.925631131974573,13.607332069899462,12.543830007139182,13.310886824008456,12.426767349243164
2019-02-19,14.093621180752846,14.323505639344914,14.031729762459776,14.27045440673828,9295800,0.0,0,0.00874984545494617,1.2346611443931648,13.729787921905517,14.11038812529939,13.349187718511644,13.925631131974573,13.607332069899462,12.610141460942625,13.310886824008456,12.462451934814451
2019-02-20,14.22624887986385,14.509182084144625,14.182041199100576,14.464974403381348,9050800,0.0,0,0.01363096024126742,1.2514907613638258,13.763828372955322,14.262683211486943,13.264973534423701,13.991943846039508,13.70016898374572,12.55766807501738,13.310886824008456,12.640869140625
2019-02-21,14.518023351194952,14.518023351194952,14.27045596458215,14.367714881896973,8124400,0.0,0,-0.006723794925045934,1.2430759941338259,13.802731800079346,14.359809805030933,13.24565379512776,13.996364479564672,13.766481416657346,12.389391163455064,13.310886824008456,12.623024940490724
2019-02-22,14.403080820523812,14.411921006221718,14.21740487898908,14.358871459960938,10314200,0.0,0,-0.0006155065025112982,1.2423108727763208,13.835003805160522,14.440848210903674,13.22915939941737,14.014047923221721,13.859319270833858,12.486649131016136,13.310886824008456,13.08691120147705
2019-02-25,14.456132171535904,14.632964576619733,14.438448425103056,14.47381591796875,11865100,0.0,0,0.008005117834526843,1.252255717700009,13.866833925247192,14.534261172566044,13.19940667792834,14.07151853593411,13.916789883546247,12.639167090684875,13.310886824008456,13.238566398620604
2019-02-26,14.385395861082044,14.526862430103412,14.235087420695026,14.323504447937012,10640500,0.0,0,-0.010385061609435864,1.2392509649209262,13.889822149276734,14.586590707579425,13.193053590974042,14.07151853593411,13.916789883546247,12.75631976214428,13.310886824008456,13.265328407287598
2019-02-27,14.341189304501098,14.703697669203216,14.341189304501098,14.65064811706543,21573900,0.0,0,0.02283963888289464,1.267555009444999,13.935798788070679,14.70318679735069,13.168410778790669,14.106885082225851,13.95215642983799,12.846948167790313,13.310886824008456,13.470508575439451
2019-02-28,14.650646049229133,14.66832979291741,14.45612992790193,14.500337600708008,14091000,0.0,0,-0.01025964961798087,1.2545503391765769,13.978680849075317,14.77147152607735,13.185890172073284,14.257193640986625,13.95215642983799,12.906629223257426,13.310886824008456,13.50619125366211
2019-03-01,14.6418047614237,14.783271343743566,14.403080957768102,14.42076301574707,14202800,0.0,0,-0.005487774640298815,1.2476656496402654,14.029078245162964,14.799155896790575,13.259000593535353,14.40750055310167,13.991943267108166,12.915471509120938,13.310886824008456,13.5954008102417
2019-03-04,14.429605935855216,14.606440019804491,14.190880428448136,14.28813934326172,11493800,0.0,0,-0.00919671672993505,1.2361912220868534,14.065771198272705,14.811133131864437,13.320409264680972,14.482656271422071,13.991943267108166,12.915471509120938,13.310886824008456,13.381299018859863
2019-03-05,14.28813849179586,14.323505981044002,13.987521578845488,14.24393081665039,12362200,0.0,0,-0.003094071631669748,1.2323663578952753,14.094064521789551,14.820943150062696,13.367185893516407,14.385396461294526,13.991943267108166,12.937574099139216,13.310886824008456,13.48834991455078
2019-03-06,14.190880242901407,14.27045541099665,13.934472679583791,13.943314552307127,13099400,0.0,0,-0.02110486692282021,1.2063574299117348,14.109979581832885,14.808148369419664,13.411810794246106,14.358872011663678,13.991943267108166,12.968519998832447,13.267073856889635,13.568636894226074
2019-03-07,13.889788375717483,13.907630516449654,13.657846501519964,13.755975723266602,11658000,0.14,0,-0.013435745735903781,1.1901491182168225,14.116527700424195,14.79847417869083,13.43458122215756,14.220558922631765,13.991943267108166,13.034833953111656,13.087448166532937,13.916552543640137
2019-03-08,13.6132427442702,13.84518548190105,13.568638240762706,13.800580978393556,8707700,0.0,0,0.003242609322980261,1.194008306843289,14.120885181427003,14.79342079336827,13.448349569485735,14.175954792253137,13.991943267108166,13.034833953111656,13.026111497606966,13.613243103027344
2019-03-11,13.88086745479489,13.98791774149901,13.773816317330718,13.889787673950195,6703400,0.0,0,0.006463981168350896,1.2017263540535785,14.132797622680664,14.779318269467556,13.486276975893773,14.175954792253137,14.093621582354398,13.028202633734098,12.97353770829475,13.880868911743164
2019-03-12,13.93439292907715,14.07712665242973,13.845184777361837,13.934392929077148,11137500,0.0,0,0.003211370553245274,1.205585542680045,14.150477027893066,14.75303636310277,13.547917692683361,14.175954792253137,14.120146965017085,13.028202633734098,12.859628557940766,14.059286117553713
2019-03-13,13.952234675862648,14.18417654438046,13.90763017588458,14.103889465332031,8269700,0.0,0,0.012163898141639873,1.2202501624222388,14.171768283843994,14.734405007179063,13.609131560508924,14.175954792253137,14.12898847583898,13.129882338717447,12.859628557940766,13.604320526123049
2019-03-14,14.112808576453256,14.237700996432135,14.068204930737949,14.08604621887207,7636700,0.0,0,-0.0012651294881330655,1.2187063879588593,14.186862325668335,14.72235125103653,13.65137340030014,14.087539130283599,14.12898847583898,13.187352702323153,12.859628557940766,13.5954008102417
2019-03-15,14.077128213236945,14.21094173178669,14.032523707053697,14.041444778442385,12812500,0.0,0,-0.0031663562462211914,1.214847529375036,14.203262996673583,14.697851832375061,13.708674160972105,13.946072110903355,14.12898847583898,13.187352702323153,12.859628557940766,13.711371421813965
2019-03-18,14.166336058556372,14.32691107652335,14.10389026550033,14.246623992919922,10486800,0.0,0,0.014612400484068866,1.2325993680013456,14.208260536193848,14.702476865739085,13.71404420664861,13.947774658643027,14.12898847583898,13.386289657546396,12.859628557940766,13.720291137695312
2019-03-19,14.353673466854458,14.389356045906696,13.916551238963594,13.943313598632812,10237000,0.0,0,-0.02128998381917313,1.206357347401074,14.191903495788575,14.698439613864776,13.685367377712373,13.978997143334702,14.146671919496027,13.470285261479185,12.859628557940766,13.800580978393556
2019-03-20,13.871946609864592,13.943313468824815,13.336694316902843,13.34561538696289,12457700,0.0,0,-0.04286629626751903,1.1546452759428811,14.135935544967651,14.747199840909229,13.524671249026074,13.863025181404769,14.059982830323204,13.541018730626183,12.859628557940766,13.871950149536133
2019-03-21,13.292092437466929,13.292092437466929,12.846049055662531,12.872812271118164,26932400,0.0,0,-0.03542759941265805,1.1137389656430587,14.061190414428712,14.87530308830842,13.247077740549003,13.617702550784614,13.814660199703049,13.58743737121721,12.859628557940766,13.98791790008545
2019-03-22,12.747916019085809,12.747916019085809,11.971800868118146,12.06993007659912,29240100,0.0,0,-0.06237038011658225,1.044274643005252,13.94674334526062,15.127252391157537,12.766234299363703,13.180578457012421,13.377536105930856,13.680274812864102,12.859628557940766,13.854105949401855
2019-03-25,12.168060135840078,12.355398334401926,11.936117442237792,12.06993007659912,18113100,0.0,0,0.0,1.044274643005252,13.826549053192139,15.237651760109452,12.415446346274825,13.162736744072244,13.35969439299068,13.75321855966256,12.859628557940766,13.53295612335205
2019-03-26,12.168062253888792,12.444608639908918,12.141299041749969,12.426767349243164,21078900,0.0,0,0.029564154090326644,1.0751477394636801,13.731712198257446,15.248641671880462,12.21478272463443,13.162736744072244,13.35969439299068,13.766481600937016,12.859628557940766,13.764896392822266
2019-03-27,12.391085064025726,12.542739877141823,12.29295497862107,12.462451934814451,17025600,0.0,0,0.002871590379734723,1.0782351233691176,13.622302389144897,15.173966947730133,12.070637830559662,13.162736744072244,13.35969439299068,13.766481600937016,12.859628557940766,13.898710250854492
2019-03-28,12.507056470280908,12.65871043298278,12.382164020735605,12.640869140625,10337800,0.0,0,0.014316380656372418,1.0936715478323407,13.529328966140747,15.082255941830676,11.97640199045082,13.162736744072244,13.35969439299068,13.846056414892614,12.73257595601353,13.72921371459961
2019-03-29,12.810363158900412,12.846046588561302,12.560579151274183,12.623024940490724,11975600,0.0,0,-0.0014116276290629948,1.0921276908583004,13.43944206237793,14.98356471302162,11.89531941173424,13.162736744072244,13.35969439299068,13.881422948111009,12.736426602261023,13.4794282913208
2019-04-01,12.783601604867256,13.131515704053808,12.77468053419988,13.08691120147705,15469300,0.0,0,0.03674921527710251,1.132262526479737,13.379380655288696,14.879120814546557,11.879640496030834,12.939715455531303,13.35969439299068,13.93668359702779,12.736426602261023,13.336694717407228
2019-04-02,13.077990524810655,13.32777455570157,12.979861296793551,13.238566398620604,12535600,0.0,0,0.011588311008516428,1.1453835367798728,13.329112434387207,14.775447648401043,11.882777220373372,12.63194599896968,13.35969439299068,13.994154209740179,12.793897214973413,13.318854331970217
2019-04-03,13.42590427681989,13.631083798324372,13.247487116650747,13.265328407287598,16022700,0.0,0,0.002021518634357733,1.1476989509429598,13.29521312713623,14.713587672640555,11.876838581631906,12.783600620281081,13.35969439299068,13.994154209740179,12.793897214973413,13.425905227661133
2019-04-04,13.220723704227408,13.532954367862407,13.193961343297588,13.470508575439451,10009500,0.0,0,0.015467402076463799,1.1654508720799304,13.280939769744872,14.686019920231494,11.87585961925825,12.783600620281081,13.35969439299068,14.029520756031921,12.829263761265155,12.792523384094238
2019-04-05,13.515111472967805,13.595399402039543,13.363456684890089,13.50619125366211,8871100,0.0,0,0.002648948109332583,1.1685380909640466,13.2662202835083,14.655117763784999,11.877322803231602,12.886191420037171,13.35969439299068,14.104675035412306,12.829263761265155,12.970938682556152
2019-04-08,13.425904715236234,13.675688747629607,13.416983644246432,13.5954008102417,9973400,0.0,0,0.006605086134509053,1.1762563857063189,13.251500940322876,14.619510697954787,11.883491182690964,12.984321863125338,13.271278731021141,14.199721910104918,12.869050598535331,12.774681091308594
2019-04-09,13.47942823872454,13.524032738939423,13.2920900184301,13.381299018859863,8770400,0.0,0,-0.015748104404582852,1.1577325773376586,13.223846244812012,14.55706608350495,11.890626406119075,13.028926384182606,13.162736744072244,14.237299769265118,12.869050598535331,12.953099250793455
2019-04-10,13.38129961968452,13.497270985146333,13.220723752005066,13.48834991455078,7455000,0.0,0,0.00800003763013124,1.1669944815219886,13.19306926727295,14.470253467064639,11.91588506748126,13.118133949451895,13.162736744072244,14.188669864201346,12.869050598535331,12.84604835510254
2019-04-11,13.559715824257864,13.693529321500838,13.434824247743158,13.568636894226074,8237000,0.0,0,0.005952320349332352,1.1739408065219106,13.16719880104065,14.39022153753408,11.94417606454722,13.23410492785036,13.162736744072244,14.175407639385922,12.869050598535331,12.90849494934082
2019-04-12,13.791660102208336,14.014681772133594,13.604321865440715,13.916552543640137,9762800,0.0,0,0.025641164409234918,1.2040420157486487,13.160954189300536,14.367033770292903,11.95487460830817,13.497271534463572,13.162736744072244,14.106251094869965,12.869050598535331,12.988780975341797
2019-04-15,13.96115636788222,13.97007743897085,13.586479889761456,13.613243103027344,11748200,0.0,0,-0.021794869071320777,1.1778000776590378,13.129285144805909,14.248935445585435,12.009634844026383,13.60432155771559,13.162736744072244,14.083949029680651,12.869050598535331,12.854968070983888
2019-04-16,13.720293039452775,13.916552344389904,13.541875876219088,13.880868911743164,13591400,0.0,0,0.01965922496868555,1.2009547143538721,13.126162910461426,14.23693313455005,12.015392686372802,13.60432155771559,13.162736744072244,14.134788187303768,12.869050598535331,12.551660537719728
2019-04-17,13.961156039407902,14.086048479429776,13.84518552102491,14.059286117553713,13784800,0.0,0,0.012853460899670877,1.216391138817095,13.161846446990968,14.342936770505712,11.980756123476223,13.65338611571742,13.162736744072244,14.148050878635111,12.869050598535331,12.658709526062012
2019-04-18,14.139572821553228,14.139572821553228,13.425903377899678,13.604320526123049,24412300,0.0,0,-0.032360504482700336,1.1770281079166873,13.198421859741211,14.386806895192784,12.010036824289639,13.680148286779147,13.162736744072244,14.152471634046059,13.072410008502025,12.435687065124512
2019-04-22,13.541876085823198,13.675688747629607,13.434825786226035,13.5954008102417,15552400,0.0,0,-0.0006556531701985557,1.1762563857063189,13.27469539642334,14.35317122400277,12.19621956884391,13.680148286779147,13.162736744072244,14.10826380306129,13.187350735713439,12.623024940490724
2019-04-23,13.434825042520004,13.747054853037708,13.238565745409376,13.711371421813965,23356700,0.0,0,0.008530135535607108,1.1862900121010171,13.356767463684083,14.295360410697626,12.41817451667054,13.680148286779147,13.162736744072244,14.037530293371168,13.187350735713439,12.54273796081543
2019-04-24,13.58647764574771,13.76489563501118,13.416981576859442,13.720291137695312,18523700,0.0,0,0.0006505341885172378,1.1870617343113854,13.421443653106689,14.267544723748623,12.575342582464755,13.689069283481302,13.162736744072244,14.038381567241004,13.187350735713439,12.33755874633789
2019-04-25,13.586479531709616,13.96115599995633,13.550796099055653,13.800580978393556,11916600,0.0,0,0.005851905028287252,1.1940083068432896,13.488350105285644,14.223810674358546,12.752889536212741,13.689069283481302,13.03784513189551,14.062834531415366,13.35534194357902,12.471370697021484
2019-04-26,13.81842456627794,13.916554660457914,13.702453178185424,13.871950149536133,8729600,0.0,0,0.005171461350381712,1.2001830746541644,13.549904155731202,14.190306668375854,12.90950164308655,13.689069283481302,13.03784513189551,13.961504005863986,13.496808881873013,12.783601760864258
2019-04-29,13.95223447077952,14.19309740590453,13.925471260730026,13.98791790008545,8853100,0.0,0,0.008359873651448746,1.2102164535168805,13.618148803710938,14.12448009454834,13.111817512873534,13.715831575656953,13.064607424071161,13.716181375243831,13.589646163055068,12.640869140625
2019-04-30,14.03252311585787,14.077127620161912,13.747055649528248,13.854105949401855,11317500,0.0,0,-0.009566252221338556,1.1986392176801242,13.656508541107177,14.108855246813492,13.204161835400862,13.715831575656953,13.064607424071161,13.279057281471639,13.377536105930856,12.649877548217772
2019-05-01,13.889790484571792,13.996840792937713,13.47943054378898,13.53295612335205,17403800,0.0,0,-0.023180840916238954,1.170853752659116,13.67122802734375,14.085366035300362,13.257090019387137,13.715831575656953,13.16719822382725,13.261215568531462,13.35969439299068,12.505719184875488
2019-05-02,13.559716034177308,13.827342182046348,13.532953674618424,13.764896392822266,12809200,0.0,0,0.01713892126421568,1.1909209229378521,13.696206426620483,14.066948416781054,13.325464436459912,13.715831575656953,13.2430261922628,13.261215568531462,13.35969439299068,12.604827880859377
2019-05-03,13.809501243548407,13.96115604551266,13.74705544889024,13.898710250854492,9322900,0.0,0,0.009721385051761455,1.2024983237959301,13.717616510391235,14.083113287815257,13.352119732967212,13.715831575656953,13.287630713320066,13.261215568531462,13.35969439299068,13.03730297088623
2019-05-06,13.57755891753195,13.863026370478076,13.550795705748165,13.72921371459961,9871500,0.0,0,-0.012195126971904613,1.1878337040537363,13.72876763343811,14.081009388211555,13.376525878664665,13.805039491381986,13.376838278589357,13.261215568531462,13.35969439299068,12.83007526397705
2019-05-07,13.57755836232846,13.604320722257782,13.399141211532832,13.4794282913208,9399700,0.0,0,-0.01819371658649227,1.1662225942902993,13.722969007492065,14.087540181689837,13.358397833294292,13.79611930871868,13.483888970052206,13.261215568531462,13.35969439299068,13.05532169342041
2019-05-08,13.42590371916651,13.497270580269898,13.318853427511426,13.336694717407228,10188200,0.0,0,-0.010588993155256965,1.1538734712218532,13.720738792419434,14.094178222613369,13.347299362225499,13.755975416707978,13.586479351349041,13.149704924260991,13.35969439299068,13.145421028137209
2019-05-09,13.131516096162002,13.390221197919995,13.077990521319592,13.318854331970217,11749000,0.0,0,-0.0013376916706150377,1.1523299442904562,13.712264013290405,14.113391504209266,13.311136522371543,13.635543963612061,13.635543963612061,12.99582019598018,13.35969439299068,12.920173645019531
2019-05-10,13.238566983525946,13.46158866222211,13.13151667984301,13.425905227661133,10096500,0.0,0,0.008037545349073527,1.161591848474786,13.705127429962157,14.121187768265326,13.289067091658989,13.577559070740751,13.635543963612061,13.07164750663588,13.35969439299068,13.397698402404783
2019-05-13,13.211804370322923,13.211804370322923,12.774681241771232,12.792523384094238,12062600,0.0,0,-0.04717609969880843,1.1067924756218164,13.648925971984863,14.214335746516861,13.083516197452864,13.385761017354472,13.48388932383788,13.07164750663588,13.35969439299068,13.127400398254396
2019-05-14,12.846046256590505,13.0779889687724,12.738995970374257,12.970938682556152,12432300,0.0,0,0.013946841690650968,1.1222287350637175,13.616810750961303,14.25571593918265,12.977905562739956,13.350076007943457,13.466046688139393,13.122942906513925,13.35969439299068,13.15443229675293
2019-05-15,12.78360216236502,12.863890100352544,12.54273919916261,12.774681091308594,9969700,0.0,0,-0.015130561947031107,1.1052487836690976,13.561501359939575,14.286153392681735,12.836849327197415,13.251947622337635,13.36791830253357,13.12780029707324,13.35969439299068,13.181461334228516
2019-05-16,12.935257108485835,13.10475320660738,12.881731532323142,12.953099250793455,8463400,0.0,0,0.013966545090996485,1.1206852906429812,13.506192016601563,14.239329603407834,12.773054429795293,13.202882784820343,13.36791830253357,13.095831564127426,13.35969439299068,13.073341369628906
2019-05-17,12.792523628630718,13.07799110517427,12.792523628630718,12.84604835510254,7831300,0.0,0,-0.008264500535217989,1.1114233864586514,13.468278408050537,14.254308411609681,12.682248404491393,13.073529960710196,13.36791830253357,13.14043534676207,13.35969439299068,12.96522617340088
2019-05-20,12.819285937916304,13.00662418129964,12.810364866621816,12.90849494934082,6674900,0.0,0,0.004861152045521955,1.1168261845271759,13.433933115005493,14.25439841279277,12.613467817218215,13.020004889716255,13.36791830253357,13.198420835961302,13.35969439299068,13.001263618469238
2019-05-21,12.97093883538218,13.069068052879905,12.935255406223002,12.988780975341797,9834100,0.0,0,0.006219627176991427,1.1237724270164366,13.397803592681885,14.22990202231523,12.565705163048541,13.00216393069236,13.36791830253357,13.330004139267908,13.35969439299068,13.136411666870115
2019-05-22,12.863889141375266,12.944177073377483,12.756838848959006,12.854968070983888,6737500,0.0,0,-0.010302191145723505,1.1121951086690196,13.354537439346313,14.205048987461616,12.50402589123101,13.00216393069236,13.36791830253357,13.383529150893917,13.35969439299068,13.460766792297363
2019-05-23,12.694394284298449,12.730078571703366,12.444610227785684,12.551660537719728,9739700,0.0,0,-0.02359457694405198,1.0859533356007303,13.292091417312623,14.185236513436102,12.398946321189143,12.828207299054304,13.318853816845106,13.383529150893917,13.35969439299068,13.577895164489746
2019-05-24,12.61410587298304,12.712235100820989,12.533817936224652,12.658709526062012,7565700,0.0,0,0.008528671407307842,1.0952150747637388,13.231429386138917,14.12359358929185,12.339265182985983,12.774681717196533,13.318853816845106,13.408061429894833,13.35969439299068,13.388687133789062
2019-05-28,12.587341858056767,12.649788499755996,12.426766845533274,12.435687065124512,11569300,0.0,0,-0.017618104000122314,1.0759194616740495,13.153817844390868,14.039209617726412,12.268426071055325,12.765760026070328,13.309932125718902,13.421442515425696,13.35969439299068,13.577895164489746
2019-05-29,12.328636433098366,12.676550510362096,12.266190643881826,12.623024940490724,15941900,0.0,0,0.015064537599341454,1.0921276908583015,13.092263793945312,13.944559369726251,12.239968218164373,12.685471925244602,13.229644024893178,13.421442515425696,13.35969439299068,13.704033851623535
2019-05-30,12.694391900001063,12.765759610646173,12.417845530636583,12.54273796081543,17110600,0.0,0,-0.006360359743706079,1.0851813658583798,13.042752885818482,13.9019879092916,12.183517862345363,12.672090874528049,13.229644024893178,13.421442515425696,13.35969439299068,13.631956100463867
2019-05-31,12.31079638408566,12.453530117111091,12.221587375564688,12.33755874633789,12063600,0.0,0,-0.01635840716106296,1.06742952723207,12.971386003494263,13.815659303558315,12.127112703430212,12.645327714222297,13.20734239073461,13.425903013776773,13.35969439299068,13.794132232666016
2019-06-03,12.284033321181008,12.569500770949476,12.230507748969366,12.471370697021484,9541300,0.0,0,0.0108459018055993,1.0790067630688263,12.900019025802612,13.654262361401537,12.145775690203687,12.645327714222297,13.20734239073461,13.363457207688406,13.35969439299068,13.56888484954834
2019-06-04,12.694392754622136,12.837127334761558,12.64978910226121,12.783601760864258,13023800,0.0,0,0.025035825766717368,1.106020588390127,12.852738428115845,13.503557451144415,12.201919405087276,12.582882224471085,13.20734239073461,13.363457207688406,13.35969439299068,13.722054481506348
2019-06-05,12.774681810969089,12.81036524644486,12.462451963246142,12.640869140625,11370700,0.0,0,-0.011165289947956625,1.0936715478323418,12.810810470581055,13.399134086073271,12.222486855088839,12.529357355163123,13.1493574978633,13.390219499864056,13.35969439299068,13.71304416656494
2019-06-06,12.631858226391362,12.73096664456044,12.49670944607041,12.649877548217772,7472300,0.14,0,0.000712641472082165,1.0944509435341634,12.776469612121584,13.315613459661952,12.237325764581216,12.529357355163123,13.1092140842512,13.390219499864056,13.35969439299068,13.496806144714355
2019-06-07,12.586808278937465,12.61383769054162,12.397600679209358,12.505719184875488,10667600,0.0,0,-0.011396028364131783,1.0819785495384973,12.735812854766847,13.22502971766786,12.246595991865833,12.529357355163123,13.091371710538674,13.441514899742101,13.35969439299068,13.460766792297363
2019-06-10,12.67690688624138,12.866114490181529,12.586808559138634,12.604827880859377,18697800,0.0,0,0.00792506968361728,1.090553304939769,12.69475898742676,13.068521543932839,12.32099643092068,12.54385093287311,13.091371710538674,13.479428883959876,13.35969439299068,13.253539085388184
2019-06-11,12.767006266963834,13.17245089322266,12.721956673101843,13.03730297088623,19846500,0.0,0,0.034310273342452735,1.1279704869267677,12.706997966766359,13.108101940458445,12.305893993074273,12.697019134393674,13.042306873021381,13.50173114448851,13.35969439299068,13.325617790222168
2019-06-12,12.992253459206248,13.091361878929902,12.776016438400347,12.83007526397705,11328300,0.0,0,-0.015894982832871385,1.1100414154010811,12.699954795837403,13.086815367029633,12.313094224645173,12.697019134393674,12.912954048911235,13.590938884985672,13.35969439299068,13.631956100463867
2019-06-13,12.893144365913292,13.145420877007304,12.893144365913292,13.05532169342041,8375300,0.0,0,0.01755612689785102,1.1295294433517327,12.713986825942994,13.130243337664725,12.297730314221264,12.701479321096013,12.859428977917293,13.640004139385443,13.35969439299068,13.62294578552246
2019-06-14,13.073342024138814,13.19047062044858,12.866114243206304,13.145421028137209,8641100,0.0,0,0.006901349260677758,1.137324720540522,12.723602914810183,13.169663513424382,12.277542316195984,12.79403564982897,12.8415880188934,13.671227384028509,13.35969439299068,14.02838897705078
2019-06-17,13.14542074243131,13.226509834979469,12.893144233919974,12.920173645019531,6571700,0.0,0,-0.01713504517166431,1.1178366100792096,12.727309179306031,13.178635800073852,12.27598255853821,12.812055257094414,12.8415880188934,13.635543963612061,13.35969439299068,14.370766639709473
2019-06-18,12.884135251127695,13.406708493295502,12.830075565032947,13.397698402404783,12792900,0.0,0,0.03695962380268236,1.159151430660603,12.75176935195923,13.286098019510645,12.217440684407814,12.90215458625243,12.814147934430096,13.606551517176406,13.35969439299068,14.163537979125977
2019-06-19,13.47878617515823,13.622944178221504,13.073341576730405,13.127400398254396,12878900,0.0,0,-0.020174958118319042,1.1357655990942357,12.75870032310486,13.308685451863585,12.208715194346134,13.010272428715432,12.922265776893095,13.434825170596177,13.35969439299068,14.451854705810549
2019-06-20,13.181461710861102,13.199481033850022,12.794036385229123,13.15443229675293,12600000,0.0,0,0.0020591966176430887,1.138104363774326,12.77367353439331,13.349318293148707,12.198028775637914,13.104876368680069,12.922265776893095,13.408061348041425,13.35969439299068,14.244626998901367
2019-06-21,13.109382325833176,13.379679036940477,13.109382325833176,13.181461334228516,14843000,0.0,0,0.0020547475456054176,1.140442880922434,12.80516357421875,13.397627387366171,12.212699761071327,13.172450425661673,12.922265776893095,13.309932962435603,13.271278731021141,14.460864067077637
2019-06-24,13.145420370018703,13.325617870993195,13.055321189906726,13.073341369628906,7547500,0.0,0,-0.008202426260497608,1.1310884822873584,12.825895166397094,13.425461647975903,12.226328684818286,13.199480308310925,12.922265776893095,13.285400543676957,13.162736744072244,14.35274600982666
2019-06-25,13.100374118763597,13.100374118763597,12.84809755310334,12.96522617340088,13636200,0.0,0,-0.008269897738553023,1.1217344962055869,12.852372121810912,13.426640730570066,12.278103513051759,13.208490281725314,12.922265776893095,13.220724131621882,13.162736744072244,13.722054481506348
2019-06-26,13.028293031400176,13.18146113675806,12.983243437015584,13.001263618469238,10209900,0.0,0,0.002779546194287885,1.1248524090555165,12.87128405570984,13.438897664611169,12.30367044680851,13.208490281725314,12.922265776893095,13.193961596124911,13.162736744072244,13.812151908874512
2019-06-27,13.06433265887148,13.208490674868756,13.055322568059264,13.136411666870115,6418100,0.0,0,0.010394993315025802,1.1365452423280393,12.900967741012574,13.458650204243744,12.343285277781403,13.208490281725314,12.922265776893095,13.185041116612965,13.162736744072244,13.118390083312988
2019-06-28,13.379678555209331,13.514826476272244,13.09136167275918,13.460766792297363,14479600,0.0,0,0.02469130335228975,1.1646080256799627,12.957128143310547,13.502504924870397,12.411751361750696,13.208490281725314,12.922265776893095,13.185041116612965,13.162736744072244,13.289578437805176
2019-07-01,13.54185566219231,13.749083444839709,13.469776657597436,13.577895164489746,10021800,0.0,0,0.008701463594139813,1.17474182001686,13.01245436668396,13.573937401899757,12.450971331468162,13.271559915034416,12.985335410202199,13.073530557949706,13.162736744072244,13.04631233215332
2019-07-02,13.56888549875418,13.713043503326686,13.298588810555987,13.388687133789062,13826000,0.0,0,-0.013935004535571838,1.1583717874267991,13.0427086353302,13.616810196266906,12.468607074393494,13.271559915034416,12.985335410202199,13.04676776702082,13.162736744072244,13.26254940032959
2019-07-03,13.460766567210698,13.586905254876484,13.388687562615823,13.577895164489746,4881100,0.0,0,0.014131933087238924,1.17474182001686,13.089559936523438,13.677760418489925,12.501359454556951,13.298590498971524,12.985335410202199,13.037846075894615,13.162736744072244,13.217499732971191
2019-07-05,13.704033851623535,13.920270865399765,13.667994349327495,13.704033851623535,6919800,0.0,0,0.009290003023714632,1.1856551750769007,13.142267751693726,13.752186307584235,12.532349195803217,13.384184209251552,13.070929120482226,12.957557975068891,13.162736744072244,12.884132385253906
2019-07-08,13.577896412424368,13.722054434863576,13.550866998029417,13.631956100463867,7110700,0.0,0,-0.0052596010736742915,1.1794191018450586,13.198579597473145,13.76931217409497,12.62784702085132,13.384184209251552,13.070929120482226,12.950867449710614,13.162736744072244,12.85710620880127
2019-07-09,13.532845641442728,13.821161642999606,13.487796051387098,13.794132232666016,8772800,0.0,0,0.011896761624447194,1.193450369755029,13.258044815063476,13.816497533456793,12.699592096670159,13.451757151207675,13.075389307184565,12.926335052478453,13.162736744072244,12.307502746582031
2019-07-10,13.79413193572826,13.812151255812944,13.532845350129527,13.56888484954834,9594900,0.0,0,-0.016329217330849244,1.1739622592937167,13.284623908996583,13.849156005241891,12.720091812751274,13.487796716729514,13.158935772304561,12.926335052478453,13.064607424071161,12.226412773132324
2019-07-11,13.5508670440903,13.767104078484126,13.469777941380215,13.722054481506348,11462000,0.0,0,0.011288299197491192,1.1872142965231869,13.329222869873046,13.883809106858719,12.774636632887374,13.505816269079473,13.158935772304561,12.895112307602847,13.064607424071161,12.694926261901855
2019-07-12,13.731063488383276,13.776113081803402,13.586905476838496,13.71304416656494,8218200,0.0,0,-0.0006566301681393272,1.1864347358000435,13.362108993530274,13.925855591255218,12.79836239580533,13.609429837977876,13.158935772304561,12.83935742651321,13.064607424071161,12.848094940185549
2019-07-15,13.767102843076024,13.767102843076024,13.442747320591732,13.496806144714355,7089700,0.0,0,-0.01576878330034215,1.1677261035512139,13.37967824935913,13.937115998974257,12.822240499744005,13.609429837977876,13.158935772304561,12.81928571970716,13.064607424071161,12.61383819580078
2019-07-16,13.523836566809644,13.5959155726098,13.379678555209331,13.460766792297363,9638300,0.0,0,-0.0026702133846018272,1.1646080256799625,13.406707906723023,13.922867492360043,12.890548321086003,13.649974710304548,13.253539712269198,12.810364532850897,13.16719822382725,12.730966567993164
2019-07-17,13.388686998496873,13.433736589282928,13.226509674616342,13.253539085388184,13526600,0.0,0,-0.0153949407271331,1.146678954154276,13.399499940872193,13.920016718560227,12.87898316318416,13.573390270008053,13.321113769250804,12.817611321705892,13.20734239073461,12.839083671569824
2019-07-18,13.271558110632762,13.487795969740924,13.20848920048634,13.325617790222168,14774500,0.0,0,0.0054384496374595415,1.1529151098967787,13.40941081047058,13.916041289505701,12.90278033143546,13.514825421742973,13.348143651900056,12.869663003707528,13.20734239073461,12.424630165100098
2019-07-19,13.469777895594962,13.866213316552376,13.424728298770312,13.631956100463867,20534300,0.0,0,0.022988676027199118,1.1794191018450584,13.433287000656128,13.934523224645599,12.932050776666657,13.537351258519358,13.357153625314444,12.804986591652455,13.20734239073461,12.640867233276367
2019-07-22,13.658985290540397,13.722054209509384,13.541856684419717,13.62294578552246,12781900,0.0,0,-0.0006609700673185781,1.178639541121915,13.455361223220825,13.949039352871914,12.961683093569736,13.537351258519358,13.357153625314444,12.780454149506653,13.20734239073461,12.47869110107422
2019-07-23,13.631954462963543,14.02838897705078,13.577894781417813,14.02838897705078,14569400,0.0,0,0.029761785586726708,1.2137179584288234,13.503113603591919,14.024055844805003,12.982171362378834,13.618439088768561,13.41121268113995,12.817811834361185,13.20734239073461,12.703936576843262
2019-07-24,13.974332071253524,14.433836420037396,13.974332071253524,14.370766639709473,10728600,0.0,0,0.024406057118803393,1.2433400282483547,13.573390626907349,14.160862930878139,12.98591832293656,13.821162810261868,13.61393640263326,12.826821637993907,13.20734239073461,13.03730297088623
2019-07-25,14.343735488427937,14.505913676424449,14.154527888848502,14.163537979125977,10658000,0.0,0,-0.014420153480947828,1.2254108742120073,13.631504344940186,14.21090211794818,13.052106571932192,13.857201438455395,13.649975030826786,12.858151260341263,13.20734239073461,13.172451972961426
2019-07-26,14.20858742629776,14.478883257868198,14.145517654248431,14.451854705810549,8698200,0.0,0,0.020356264593598627,1.25035566220334,13.697276496887207,14.333450072211877,13.061102921562538,13.857201438455395,13.649975030826786,12.966269102804263,13.20734239073461,12.848094940185549
2019-07-29,14.415814417033864,14.541952243263232,14.244626998901367,14.244626998901367,9066700,0.0,0,-0.014339177297835848,1.2324265906776535,13.736469507217407,14.405625549702375,13.06731346473244,13.875220721874786,13.695024898183286,13.013571072786583,13.20734239073461,13.010272026062012
2019-07-30,14.091459795935735,14.47888424868188,14.091459795935735,14.460864067077637,9996100,0.0,0,0.015180254856301145,1.2511351404158226,13.780617952346802,14.516078566428131,13.045157338265472,13.875220721874786,13.695024898183286,13.047358101277384,13.20734239073461,13.48842430114746
2019-07-31,14.406804834616292,14.532942665291785,14.316706506883731,14.35274600982666,24490700,0.0,0,-0.00747659730078809,1.2417809068020687,13.828820896148681,14.58156984523176,13.076071947065602,13.983340271016772,13.695024898183286,13.06087304260201,13.20734239073461,13.524856567382812
2019-08-01,14.298687432472809,14.388786626428368,13.658985561287212,13.722054481506348,21792800,0.0,0,-0.043942220386851916,1.1872142965231873,13.836028861999512,14.581679621824689,13.090378102174336,14.041904463841474,13.762597840139408,13.065378029309205,13.20734239073461,14.07131290435791
2019-08-02,13.713043495599134,13.857201500090405,13.496805629612744,13.812151908874512,18300400,0.0,0,0.006565884685095114,1.1950094086906549,13.841434764862061,14.584717663729576,13.098151865994547,14.019378936437988,13.798637405661248,13.065378029309205,13.20734239073461,14.581340789794922
2019-08-05,13.460764882667496,13.5238346482323,12.983241322173614,13.118390083312988,15374500,0.0,0,-0.050228366306612315,1.1349860383710926,13.815756464004517,14.619892099040118,13.011620828968915,13.762596782718422,13.762596782718422,13.065378029309205,13.20734239073461,14.790817260742188
2019-08-06,13.244528847522044,13.316607848275266,12.96522293441567,13.289578437805176,9397600,0.0,0,0.013049494137999718,1.1497970320255277,13.790528774261475,14.627155816441409,12.95390173208154,13.753587588839451,13.753587588839451,13.065378029309205,13.20734239073461,14.799924850463867
2019-08-07,12.89314508629682,13.118392198599878,12.730966890478763,13.04631233215332,12902400,0.0,0,-0.0183050280180318,1.1287499651392507,13.764400148391724,14.658399928220136,12.870400368563311,13.636459566870997,13.636459566870997,13.128447662618306,13.20734239073461,14.89100170135498
2019-08-08,13.20848971861957,13.325618312950036,13.10938130460894,13.26254940032959,10346000,0.0,0,0.01657457392334094,1.1474585148774197,13.741424894332885,14.662109828448795,12.820739960216976,13.636459566870997,13.636459566870997,13.128447662618306,13.20734239073461,14.97297191619873
2019-08-09,13.19947955275471,13.298588825446394,13.055321548020787,13.217499732971191,10523200,0.0,0,-0.0033967577423145157,1.1435608762830252,13.716647672653199,14.665602827386225,12.767692517920173,13.631954777885273,13.636459566870997,13.141962954586862,13.20734239073461,14.809033393859863
2019-08-12,13.028290370441464,13.07333995562492,12.85710297784358,12.884132385253906,9199400,0.0,0,-0.025221664796837295,1.1147183671866372,13.686013984680176,14.699465043588958,12.672562925771395,13.631954777885273,13.636459566870997,13.227556664866889,13.20734239073461,14.89100170135498
2019-08-13,12.812056612296969,13.154432342780243,12.694928005085616,12.85710620880127,15424800,0.0,0,-0.002097632626281376,1.1123800975705114,13.65583095550537,14.729172807432644,12.582489103578098,13.541857315756992,13.618440124174423,13.227556664866889,13.20734239073461,14.681527137756348
2019-08-14,12.514730547955086,12.514730547955086,12.181364906767604,12.307502746582031,15820300,0.0,0,-0.04274705779773447,1.0648291212466152,13.608529138565064,14.824206334872729,12.3928519422574,13.019283203429005,13.361658575015419,13.263573229196119,13.20734239073461,14.53580379486084
2019-08-15,12.361561553767803,12.433640559740253,12.163343857718816,12.226412773132324,14858700,0.0,0,-0.006588661820305264,1.0578133222703083,13.553568887710572,14.908450731319641,12.198687044101503,12.843589252975558,13.352648050491023,13.323366244517038,13.20734239073461,14.61777114868164
2019-08-16,12.352550578431355,12.703936351815427,12.352550578431355,12.694926261901855,10048800,0.0,0,0.03831978336271247,1.0983484996178976,13.50671739578247,14.911941127002029,12.101493664562911,12.744481085334426,13.352648050491023,13.332376020692017,13.20734239073461,14.43562126159668
2019-08-19,12.938193265687495,12.974232767738176,12.812055438134866,12.848094940185549,10728500,0.0,0,0.012065346038547808,1.1116004543367073,13.467974853515624,14.900999329642412,12.034950377388837,12.744481085334426,13.352648050491023,13.384182805141219,13.1493574978633,14.608664512634276
2019-08-20,12.748986118484549,12.77601639042093,12.559778511177552,12.61383819580078,9089700,0.0,0,-0.01823279991900384,1.0913328656629124,13.397247314453125,14.852354644078936,11.942139984827314,12.744481085334426,13.352648050491023,13.384182805141219,13.1092140842512,14.47204875946045
2019-08-21,12.77601616116254,12.80304557336436,12.62284805993637,12.730966567993164,9295500,0.0,0,0.009285704349004442,1.10146665999981,13.31525731086731,14.725324146956709,11.90519047477791,12.730966341582604,13.352648050491023,13.451757211286873,13.091371710538674,14.53580379486084
2019-08-22,12.839083671569824,12.93819207830127,12.767004674083422,12.839083671569824,7886700,0.0,0,0.008492450514203442,1.1108208111029032,13.249034595489501,14.616845929220949,11.881223261758054,12.65888810024953,13.352648050491023,13.447252019629428,13.091371710538674,14.408294677734377
2019-08-23,12.730966362610465,12.947203375235604,12.37057048231906,12.424630165100098,12282300,0.0,0,-0.032280614183352485,1.0749628330728518,13.14767336845398,14.44160351518703,11.85374322172093,12.65888810024953,13.352648050491023,13.431484536821515,13.070929120482226,14.053099632263184
2019-08-26,12.550768907244702,12.649877323654383,12.442650400457,12.640867233276367,9585200,0.0,0,0.01740390380259882,1.0936713828110207,13.06748538017273,14.27450236424767,11.86046839609779,12.568788312728497,13.352648050491023,13.447252441916902,13.070929120482226,13.807191848754885
2019-08-27,12.703938226658591,12.73997773238211,12.388591907140633,12.47869110107422,9413600,0.0,0,-0.012829509970267439,1.0796401149010506,12.968376731872558,14.014661998530713,11.922091465214404,12.568788312728497,13.352648050491023,13.447252441916902,13.070929120482226,13.870945930480955
2019-08-28,12.388590298278205,12.794034899826505,12.388590298278205,12.703936576843262,8031900,0.0,0,0.01805040880847275,1.0991280603410412,12.885936260223389,13.718928822735718,12.05294369771106,12.663391673084766,13.352648050491023,13.514825884954256,13.124988176307735,14.016666412353516
2019-08-29,12.848095364065506,13.127401299360672,12.8390852734432,13.03730297088623,11275200,0.0,0,0.02624118847150325,1.1279704869267682,12.851698684692384,13.594948030694509,12.108449338690258,12.748985890839865,13.352648050491023,13.717549606447564,13.327711897801041,14.007559776306152
2019-08-30,13.14542255812846,13.334630180458433,13.109383051934635,13.172451972961426,10389800,0.0,0,0.010366331316914001,1.139663402709952,12.819713687896728,13.438236623068741,12.201190752724715,12.852600331388746,13.352648050491023,13.75358823464109,13.363750525994568,13.561284065246582
2019-09-03,13.055321862164584,13.055321862164584,12.730966343708458,12.848094940185549,11341900,0.0,0,-0.024623891849571478,1.1116004543367075,12.806198930740356,13.409488293984756,12.202909567495956,12.852600331388746,13.352648050491023,13.75358823464109,13.363750525994568,13.579500198364258
2019-09-04,13.028292206374523,13.064331707750062,12.920173702247912,13.010272026062012,8039500,0.0,0,0.012622656248376218,1.1256318047573386,12.792233610153199,13.361748324826326,12.222718895480071,12.852600331388746,13.3481432615053,13.785122810029037,13.38176980941396,13.761653900146484
2019-09-05,13.297163697668232,13.625038645672843,13.2698401339049,13.48842430114746,10269400,0.155,0,0.036751904504964905,1.1670009173535316,12.814339208602906,13.452552286015134,12.176126131190678,12.997804563995953,13.3481432615053,13.785122810029037,13.38176980941396,14.053099632263184
2019-09-06,13.461102445750072,13.652363073502434,13.451995458579336,13.524856567382812,8471500,0.0,0,0.0027010023870803757,1.1701529896170284,12.827454566955566,13.511614147584362,12.14329498632677,13.02047668589032,13.276065242073592,13.839182584600028,13.38176980941396,14.016666412353516
2019-09-09,13.66146900783735,14.21703510146986,13.634146313022065,14.07131290435791,15609900,0.0,0,0.040403854506890546,1.2174316807603178,12.870145225524903,13.731985491745782,12.008304959304024,13.302812699874032,13.190189479594338,13.902251151990441,13.38176980941396,14.217036247253418
2019-09-10,14.153281204106811,14.626878322860934,14.125958510552652,14.581340789794922,16533900,0.0,0,0.036245934469913976,1.2615586296827535,12.955005645751953,14.097659500131641,11.812351791372265,13.50773431056957,13.395111090289875,13.909008171049617,13.38176980941396,14.144174575805664
2019-09-11,14.590449669167336,14.863678361055372,14.335434949498357,14.790817260742188,14678700,0.0,0,0.014366063722608624,1.2796822613465828,13.051691198349,14.447161758631411,11.656220638066587,13.797322352381915,13.513511109387094,13.762596782718422,13.38176980941396,14.15328311920166
2019-09-12,14.599557262476168,14.9365391939621,14.399188805915651,14.799924850463867,11308900,0.0,0,0.0006157597353226851,1.2804702381571267,13.17631230354309,14.72244179166236,11.63018281542382,13.833752768835279,13.549941525840458,13.753587588839451,13.38176980941396,14.362757682800291
2019-09-13,15.027616045246276,15.19155395277408,14.845462428627462,14.89100170135498,9920900,0.0,0,0.006153872523768866,1.2883500887732255,13.309541749954224,14.962046130728824,11.657037369179625,13.96126014824127,13.677448905246449,13.636459566870997,13.38176980941396,14.635988235473633
2019-09-16,14.672419639465993,15.000293744990758,14.672419639465993,14.97297191619873,7587600,0.0,0,0.005504681047500792,1.2954420450894415,13.423444032669067,15.201473400989832,11.645414664348303,14.055863827510997,13.677448905246449,13.636459566870997,13.38176980941396,14.772603034973145
2019-09-17,14.827249103745809,14.872786641314962,14.572234376779708,14.809033393859863,8389200,0.0,0,-0.010948963456046235,1.2812582974783313,13.521490955352784,15.377227910240864,11.665754000464704,14.23069704333949,13.677448905246449,13.634207172378135,13.38176980941396,14.82724666595459
2019-09-18,14.672418403699783,14.982078509664388,14.599557304481383,14.89100170135498,12906000,0.0,0,0.005535020775164323,1.2883500887732255,13.635349130630493,15.53376562696488,11.736932634296105,14.32177470567671,13.677448905246449,13.634207172378135,13.38176980941396,14.73617172241211
2019-09-19,14.84546331795928,14.927432276633612,14.67241928266523,14.681527137756348,8220600,0.0,0,-0.014067190898216841,1.270226622130718,13.732877159118653,15.635886224175636,11.82986809406167,14.412850132898072,13.677448905246449,13.580148719965708,13.38176980941396,14.936537742614746
2019-09-20,14.72706440539478,14.79081765271514,14.517588085013392,14.53580379486084,14487000,0.0,0,-0.009925625687858597,1.2576188281406955,13.817713165283203,15.704818637679159,11.930607692887248,14.658756231663366,13.677448905246449,13.190470889222212,13.361658575015419,15.045830726623535
2019-09-23,14.380973012577638,14.708847956195124,14.362758172218625,14.61777114868164,6054900,0.0,0,0.005638996988235334,1.264710536924929,13.92737021446228,15.730028457321886,12.124711971602675,14.763494451136218,13.772052265602717,13.09811865173329,13.352648050491023,15.000290870666504
2019-09-24,14.59045133457832,14.645096731764232,14.335436585800958,14.43562126159668,8465500,0.0,0,-0.012460852289467472,1.2489511657353742,14.017107915878295,15.730175438893763,12.304040392862827,14.76349526928752,13.78106221754657,13.048564567912724,13.352648050491023,14.818140029907228
2019-09-25,14.490264145927243,14.690631725625726,14.435618758217757,14.608664512634276,5653000,0.0,0,0.011987239613853395,1.2639226426250456,14.1236065864563,15.698713786704417,12.548499386208182,14.76349526928752,13.78106221754657,13.048564567912724,13.352648050491023,14.663311004638672
2019-09-26,14.563124691726332,14.626877931169725,14.453833051863626,14.47204875946045,6678000,0.0,0,-0.009351693514193182,1.252102825445567,14.212012195587159,15.649510395246866,12.774513995927451,14.667865165395858,13.78106221754657,13.048564567912724,13.352648050491023,15.07315444946289
2019-09-27,14.59045005583033,14.83635692733376,14.444726982769303,14.53580379486084,7700700,0.0,0,0.004405391141230952,1.2576188281406953,14.286937236785889,15.62330853662116,12.950565936950618,14.658757547732673,13.78106221754657,13.041807196036814,13.352648050491023,15.473891258239746
2019-09-30,14.554016864483875,14.617770104043595,14.399187692492092,14.408294677734377,7161900,0.0,0,-0.008772071976614337,1.2465869052610996,14.348729372024536,15.58254085445366,13.114917889595413,14.658757547732673,13.78106221754657,13.005768075370277,13.352648050491023,15.665154457092283
2019-10-01,14.526696825728171,14.645096341237643,13.96202281461808,14.053099632263184,11021400,0.0,0,-0.02465212250413562,1.2158558921605516,14.408979606628417,15.44337361751266,13.374585595744174,14.444727545625845,13.790072125526143,13.005768075370277,13.352648050491023,15.537642478942873
2019-10-02,13.916483501684926,14.016668168300434,13.725222891914138,13.807191848754885,8322800,0.0,0,-0.017498472930750686,1.1945802707438864,14.448825597763062,15.309763005888803,13.58788818963732,14.280789909623948,13.790072125526143,12.96071818160976,13.352648050491023,15.401029586791992
2019-10-03,13.734331573241084,13.88005378591639,13.451995003325903,13.870945930480955,11667000,0.0,0,0.004617454615278627,1.2000961909283536,14.467951679229737,15.255835226103649,13.680068132355824,14.144175965329833,13.790072125526143,12.96071818160976,13.352648050491023,15.373705863952637
2019-10-04,13.880051211875882,14.034881251273555,13.75254473371738,14.016666412353516,9279700,0.0,0,0.010505446607815383,1.212703737386394,14.492542171478272,15.185116903979214,13.79996743897733,14.144175965329833,13.96126014824127,13.008019861787893,13.352648050491023,15.27352237701416
2019-10-07,14.016667630844305,14.19882037874323,13.943806531684732,14.007559776306152,6924500,0.0,0,-0.0006497005621348695,1.2119158430865111,14.489354515075684,15.190282421810624,13.788426608340744,14.144175965329833,13.96126014824127,13.050816970665444,13.352648050491023,15.200661659240724
2019-10-08,13.72522108881866,13.779867342391174,13.55217621155571,13.561284065246582,10580000,0.0,0,-0.03185963281159421,1.1733046493272212,14.438351678848267,15.246571216463806,13.630132141232728,14.144175965329833,13.96126014824127,13.102624190939885,13.352648050491023,14.945646286010742
2019-10-09,13.688791847353516,13.69789970191249,13.488424258492952,13.579500198364258,10402800,0.0,0,0.0013432454500645896,1.1748806854589697,14.37778582572937,15.250945081976642,13.504626569482099,14.144175965329833,14.055863827510997,13.102624190939885,13.352648050491023,14.97297191619873
2019-10-10,13.68879279577218,13.861838570090809,13.652362243585028,13.761653900146484,10244000,0.0,0,0.01341387378927017,1.1906403866911677,14.3258722782135,15.21594724365498,13.43579731277202,14.048545672281772,14.23069704333949,13.100371796447023,13.352648050491023,15.045830726623535
2019-10-11,14.107745027991925,14.253467241365763,14.034883921305,14.053099632263184,9809600,0.0,0,0.02117810360814243,1.215855892160552,14.283977174758911,15.141652036803432,13.426302312714391,14.048545672281772,14.321774478049992,13.172973912750626,13.352648050491023,15.10047721862793
2019-10-14,13.925589612035091,14.071311797686375,13.880051211875882,14.016666412353516,6940100,0.0,0,-0.0025925397857441412,1.2127037373863943,14.23616189956665,15.039172599731039,13.43315119940226,13.852731122345833,14.321774478049992,13.148270963981956,13.352648050491023,15.045830726623535
2019-10-15,14.080421893594105,14.326327903895445,13.989345078772642,14.217036247253418,8491300,0.0,0,0.01429511333189093,1.2300394747503405,14.206562042236328,14.964851087425265,13.448272997047392,13.889161453610674,14.321774478049992,13.246501089734185,13.352648050491023,14.945646286010742
2019-10-16,14.28078979256115,14.380973589990228,14.107744025052105,14.144174575805664,7695000,0.0,0,-0.005124955031456047,1.2237355777553292,14.169220685958862,14.858737520733754,13.47970385118397,13.93469892424159,14.321774478049992,13.451422700429722,13.395111090289875,15.018507957458496
2019-10-17,14.27168263205414,14.28989747403066,14.071314158875108,14.15328311920166,7941700,0.0,0,0.0006439784341729649,1.2245236370765338,14.142808485031129,14.790572047489029,13.495044922573229,13.93469892424159,14.321774478049992,13.655416730884504,13.513511109387094,15.182445526123049
2019-10-18,14.153281380086415,14.435618778899178,14.10774297788142,14.362757682800291,14813500,0.0,0,0.014800422052918538,1.2426471037190414,14.1341561794281,14.76490901528829,13.50340334356791,13.962021518696066,14.321774478049992,13.691847147337867,13.549941525840458,15.33727741241455
2019-10-21,14.52669657731221,14.6906336302679,14.52669657731221,14.635988235473633,8952200,0.0,0,0.019023543995352776,1.2662866555673382,14.135067033767701,14.76868796552845,13.501446102006952,14.089528944380426,14.22614437415833,13.819354526743858,13.677448905246449,15.109586715698242
2019-10-22,14.380974798602196,15.009402069058874,13.989345693658333,14.772603034973145,18679000,0.0,0,0.009334169808116854,1.278106390236156,14.151916122436523,14.833270276484871,13.470561968388175,14.330882156321952,14.230698536192389,13.866656366378724,13.677448905246449,15.246200561523438
2019-10-23,14.745277722090304,14.890999902927833,14.64509307133497,14.82724666595459,7876300,0.0,0,0.00369898459006035,1.2828340860780971,14.162845230102539,14.879638583597332,13.446051876607745,14.444726640467378,14.230698536192389,13.95407297429297,13.677448905246449,15.155121803283691
2019-10-24,14.83635638577038,14.89100177617233,14.635987059053836,14.73617172241211,6594900,0.0,0,-0.006142404290851999,1.2749544004833198,14.176051378250122,14.924527906008658,13.427574850491586,14.444726640467378,14.230698536192389,13.99961180546158,13.677448905246449,15.127800941467283
2019-10-25,14.690630905924726,14.95475344988337,14.681524789435873,14.936537742614746,6814900,0.0,0,0.013596884182470736,1.2922898078046228,14.196088075637817,15.001916897935576,13.390259253340059,14.499373573915758,14.230698536192389,14.045149519072261,13.677448905246449,14.954753875732422
2019-10-28,15.06404643447031,15.255306155424895,14.92743036276502,15.045830726623535,9964300,0.0,0,0.007317156485131759,1.3017456945524701,14.227964878082275,15.112351445416389,13.343578310748162,14.622325924541613,14.3536505793754,14.168102568454907,13.677448905246449,15.191553115844728
2019-10-29,14.945645486407706,15.118691229896918,14.936537632840333,15.000290870666504,8535800,0.0,0,-0.003026742543131844,1.2978056454784295,14.275324440002441,15.217391652300499,13.333257227704383,14.622325924541613,14.3536505793754,14.267773358369467,13.677448905246449,15.33404541015625
2019-10-30,14.963862222716696,14.963862222716696,14.70884751672734,14.818140029907228,7243400,0.0,0,-0.01214315391146692,1.2820461917782142,14.325871849060059,15.270553817425577,13.38118988069454,14.622325924541613,14.3536505793754,14.272278743417044,13.677448905246449,15.664998054504396
2019-10-31,14.690632831978244,14.818141062430437,14.417404135708392,14.663311004638672,8206100,0.0,0,-0.010448613993123801,1.2686505859989692,14.365490102767945,15.296755134922266,13.434225070613623,14.622325924541613,14.3536505793754,14.272278743417044,13.677448905246449,15.692574501037598
2019-11-01,14.854571139211188,15.073154449462889,14.754388207728573,15.07315444946289,8110600,0.0,0,0.02795026612301732,1.3041097074947623,14.418314504623414,15.38403854639082,13.452590462856008,14.622325924541613,14.3536505793754,14.224463691471215,13.677448905246449,15.628225326538086
2019-11-04,15.17333899199808,15.482999113234428,15.17333899199808,15.473891258239746,10327100,0.0,0,0.02658612768285762,1.338780934690672,14.491631078720093,15.541422023060107,13.44184013438008,14.95020162447141,14.467497058280166,14.219909882639621,13.677448905246449,15.481136322021484
2019-11-05,15.510324379491347,15.801768822705842,15.510324379491347,15.665154457092283,8383600,0.0,0,0.012360381474872506,1.3553287777547351,14.596824598312377,15.674208574090917,13.519440622533837,15.109586479207117,14.626881913015872,14.219909882639621,13.677448905246449,16.01433563232422
2019-11-06,15.528534625136444,15.66515069508739,15.401028146137412,15.537642478942873,7188100,0.0,0,-0.008139848125894522,1.3442966073431573,14.694731712341309,15.7395776940859,13.649885730596717,15.109586479207117,14.626881913015872,14.117399835575995,13.677448905246449,15.78450870513916
2019-11-07,15.710689696595082,15.765335087399848,15.382813877475185,15.401029586791992,14247800,0.0,0,-0.008792382263655751,1.3324770376956607,14.776700496673584,15.771368221363382,13.782032771983786,15.109586479207117,14.626881913015872,14.035431017575046,13.677448905246449,15.848858833312988
2019-11-08,15.382813718516925,15.437460845902647,15.27352293803675,15.373705863952637,6690700,0.0,0,-0.0017741491038227863,1.3301130247533686,14.842730808258057,15.811198850747543,13.874262765768572,15.109586479207117,14.645096540599397,13.967124045427987,13.677448905246449,16.023527145385742
2019-11-11,15.173337717632592,15.337275619476769,15.173337717632592,15.27352237701416,7260500,0.0,0,-0.006516547657736904,1.3214452798373866,14.905573606491089,15.811946935304949,13.999200277677229,15.109586479207117,14.645096540599397,14.052718056785551,13.677448905246449,15.931595802307127
2019-11-12,15.191553804783943,15.364599565171511,15.091369142904997,15.200661659240724,10035500,0.0,0,-0.0047703938865527595,1.3151414653530362,14.954754877090455,15.811190990006843,14.098318764174067,15.109586479207117,14.645096540599397,14.052718056785551,13.677448905246449,15.904014587402344
2019-11-13,14.982077702229343,15.054938797521013,14.845461628555125,14.945646286010742,7586000,0.0,0,-0.016776596897343232,1.293077867125827,14.994828462600708,15.765645589136799,14.224011336064617,15.278078515217207,14.645096540599397,14.052718056785551,13.677448905246449,15.858052253723145
2019-11-14,14.891002955531096,15.000293744990758,14.80903399486346,14.97297191619873,8075300,0.0,0,0.0018283337946760625,1.2954420450894408,15.035812902450562,15.702350886073896,14.369274918827228,15.30540140878465,14.727065533145435,14.100019896420415,13.677448905246449,15.78450870513916
2019-11-15,15.054938580546922,15.155121499413154,15.00939931092999,15.045830726623535,8153100,0.0,0,0.004866021978307655,1.30174569455247,15.069966554641724,15.65986798968798,14.480065119595467,15.30540140878465,14.840910017290863,14.139621357810631,13.677448905246449,15.812088966369627
2019-11-18,15.027616119051686,15.10047721862793,14.936539310294972,15.10047721862793,9655100,0.0,0,0.0036320023132851986,1.3064736379263935,15.093191003799438,15.648088297600161,14.538293709998715,15.287184541131655,14.840910017290863,14.185160075165882,13.677448905246449,15.867244720458984
2019-11-19,15.155121499413154,15.209768622953474,14.98207748630534,15.045830726623535,5927000,0.0,0,-0.003618858610440645,1.30174569455247,15.106852388381958,15.642417001301506,14.571287775462409,15.287184541131655,14.895556950739241,14.087252800197913,13.677448905246449,15.77531623840332
2019-11-20,14.982077702229343,15.091368476594075,14.809031949482058,14.945646286010742,7018500,0.0,0,-0.006658618087169943,1.2930778671258272,15.112772369384766,15.638257927546588,14.587286811222944,15.123246397692352,14.895557258182087,14.105467965830332,13.677448905246449,15.738542556762695
2019-11-21,15.036723666266608,15.073153346737229,14.836356080814191,15.018507957458496,6462800,0.0,0,0.004875110119256121,1.2993817641208385,15.126889181137084,15.625336450761985,14.628441911512184,15.086815757326786,14.895557258182087,14.128236701145791,13.677448905246449,15.77531623840332
2019-11-22,15.100476575447903,15.300844156461832,15.064046895784264,15.182445526123049,5918400,0.0,0,0.010915702753490741,1.313565429221288,15.1391845703125,15.630240928480104,14.648128212144895,15.086815757326786,14.895557258182087,14.128236701145791,13.677448905246449,15.71096134185791
2019-11-25,15.20977091258374,15.33727741241455,15.14601592552256,15.33727741241455,7250700,0.0,0,0.010198086074150403,1.326961282532515,15.153756904602051,15.650193847898587,14.657319961305516,15.073154680948305,14.895557258182087,14.141897998373029,13.677448905246449,15.416783332824709
2019-11-26,15.25530893069139,15.309954327027365,15.109586715698242,15.109586715698242,8049800,0.0,0,-0.014845574647558202,1.307261779758259,15.159221696853638,15.651117434897785,14.667325958809492,15.073154680948305,14.895557258182087,14.157836659269378,13.677448905246449,15.242115020751951
2019-11-27,15.209770877575243,15.29173983789089,15.155123745934302,15.246200561523438,5238300,0.0,0,0.009041534252108852,1.3190814319164161,15.180624723434448,15.647654242006393,14.713595204862504,15.073154680948305,15.109586479207117,14.28079034625717,13.677448905246449,15.030674934387209
2019-11-29,15.26441431541021,15.291737877728227,15.146013949177688,15.155121803283691,3348200,0.0,0,-0.005973865939399969,1.3112014162789958,15.2052152633667,15.60732742153652,14.80310310519688,15.073154680948305,15.109586479207117,14.337712588329882,13.677448905246449,15.12260627746582
2019-12-02,15.218876014036011,15.328168533122406,15.091369522723266,15.127800941467283,7290700,0.0,0,-0.0018027477555797589,1.3088376508686859,15.207947587966919,15.607133658731431,14.808761517202406,15.073154680948305,15.109586479207117,14.337712588329882,13.677448905246449,15.2145357131958
2019-12-03,14.872784927834948,15.000291408055238,14.66330949971718,14.954753875732422,9932300,0.0,0,-0.01143900996611591,1.2938658439363713,15.181990718841552,15.576055042611223,14.787926395071882,15.000293456065865,15.109586479207117,14.365036055054073,13.677448905246449,15.030674934387209
2019-12-04,15.036723071392284,15.282629919136552,14.982077684275405,15.191553115844728,9094700,0.0,0,0.015834378959360018,1.314353406031832,15.158310651779175,15.483636759266643,14.832984544291707,15.000293456065865,15.109586479207117,14.487988251958505,13.709325006571856,15.11341381072998
2019-12-05,15.28807899499424,15.38920335491121,15.24211433327168,15.33404541015625,11004900,0.155,0,0.0093797054998217,1.3266816539030981,15.148130798339844,15.435478327377997,14.860783269301692,15.026256427314195,15.109586479207117,14.487988251958505,13.803928366928126,15.159377098083496
2019-12-06,15.563873685104785,15.701769436642683,15.527100549526883,15.664998054504396,9920000,0.0,0,0.021582865805845675,1.355315246006366,15.161329221725463,15.511968439959562,14.810690003491365,15.182539468179932,15.109586479207117,14.487988251958505,13.812938318871979,14.993901252746582
2019-12-09,15.609836708135443,15.766119011012911,15.582258612794345,15.692574501037598,8621800,0.0,0,0.0017603862086195132,1.3577011242737673,15.177272653579712,15.58941663693598,14.765128670223444,15.214714255365045,15.23253916121151,14.487988251958505,13.812938318871979,15.30646514892578
2019-12-10,15.664998463075095,15.784507649941052,15.591452190001078,15.628225326538086,9382000,0.0,0,-0.004100612967952277,1.352133717436967,15.195007801055908,15.650896573695617,14.7391190284162,15.223908574829116,15.23253916121151,14.487988251958505,13.812938318871979,15.0674467086792
2019-12-11,15.60064550915572,15.738543018039394,15.481136322021484,15.481136322021484,8461300,0.0,0,-0.00941175350644785,1.3394077681806933,15.209031534194946,15.681880341813859,14.736182726576033,15.223908574829116,15.23253916121151,14.708849341375789,13.926784797776744,14.938743591308594
2019-12-12,15.50871724304556,16.041915486689152,15.490330673468936,16.01433563232422,10356800,0.0,0,0.03444187165668677,1.385539478628342,15.26246600151062,15.83617027599594,14.688761727025302,15.352612493203166,15.352612493203166,14.868234196111494,14.086169652512451,14.911165237426758
2019-12-13,15.977562424545162,16.078686803342464,15.674191041593032,15.78450870513916,8754400,0.0,0,-0.01435132449211085,1.3656551519739164,15.303042840957641,15.903572714983591,14.70251296693169,15.370998151529822,15.370998151529822,14.868234196111494,14.095179560492024,14.865199089050291
2019-12-16,16.032721008513974,16.124652096114467,15.83047226510496,15.848858833312988,9052200,0.0,0,0.0040767900589060435,1.3712226413213775,15.343194246292114,15.976420765554316,14.709967727029913,15.553364890194935,15.393980797915823,14.868234196111494,14.095179560492024,14.451512336730955
2019-12-17,15.885631395687811,16.023527145385742,15.812086878952943,16.023527145385742,9671600,0.0,0,0.011020876260542822,1.3863347163770352,15.389346742630005,16.077848752492088,14.700844732767925,15.683383214693073,15.393980797915823,14.877341509903257,14.095179560492024,14.20329761505127
2019-12-18,16.08787811700995,16.106264684254885,15.913209235062194,15.931595802307127,10374500,0.0,0,-0.005737272589517728,1.3783809362088684,15.433634996414185,16.14193924017382,14.725330752654548,15.802894209067976,15.393980797915823,14.877341509903257,14.266367583207149,14.276843070983888
2019-12-19,15.931594435904309,15.986752379468829,15.802891983107294,15.904014587402344,7615400,0.0,0,-0.0017312273828080649,1.3759946453881629,15.481553411483764,16.180836974471948,14.78226984849558,15.802894209067976,15.393980797915823,14.877341509903257,14.266367583207149,14.15733242034912
2019-12-20,15.986754725406293,16.041914430504498,15.81208758624764,15.858052253723145,17360800,0.0,0,-0.0028899831188288205,1.3720180440913923,15.523530626296997,16.207037001526103,14.840024251067893,15.802894209067976,15.393980797915823,14.961587527908302,14.266367583207149,14.350387573242188
2019-12-23,15.876439799187636,15.885633083936462,15.729350750085985,15.78450870513916,7879600,0.0,0,-0.00463761547807473,1.3656551519739162,15.553633785247802,16.22725458915394,14.880012981341665,15.802894209067976,15.393980797915823,15.016233470965043,14.360971262476877,14.31361484527588
2019-12-24,15.80289568138418,15.830473782900706,15.729351154940408,15.812088966369627,3147700,0.0,0,0.001747299313882733,1.3680413602839607,15.577374362945557,16.25230207199249,14.902446653898627,15.807491384791701,15.393980797915823,15.073155713037757,14.535804478305371,14.580214500427246
2019-12-26,15.839664869330736,15.885631287877814,15.775313636804404,15.867244720458984,4234100,0.0,0,0.0034882016036379415,1.3728133643507463,15.615257263183594,16.265233323679364,14.965281202687823,15.89942156885375,15.393980797915823,15.064047279211259,14.626881913015872,14.947937965393066
2019-12-27,15.931598580357662,15.931598580357662,15.710964995264453,15.77531623840332,6065200,0.0,0,-0.005793600822021294,1.364859831714562,15.641713047027588,16.272014309281897,15.01141178477328,15.91780854568946,15.393980797915823,15.091370745935448,14.626881913015872,15.232922554016112
2019-12-30,15.87643830816516,15.904016406381883,15.71096270510636,15.738542556762695,5555800,0.0,0,-0.002331089981645107,1.3616782206345024,15.670884084701537,16.260682125013105,15.081086044389972,15.908613694680621,15.393980797915823,15.00940182793722,14.626881913015872,15.030674934387209
2019-12-31,15.756929667952251,15.830474196316658,15.68338513958785,15.77531623840332,6545100,0.0,0,0.0023365366588421477,1.364859831714562,15.70325984954834,16.23823138116648,15.168288317930202,15.894824911921368,15.393980797915823,14.991186507754437,14.626881913015872,15.003095626831056
2020-01-02,15.867243647470564,15.904015026382064,15.637416830595452,15.71096134185791,8972200,0.0,0,-0.004079467921457303,1.3592919298137969,15.741070222854614,16.149905784641994,15.332234661067233,15.839665630549975,15.393980797915823,14.991186507754437,14.626881913015872,14.96632194519043
2020-01-03,15.46274799493133,15.517905940147168,15.288079122735134,15.416783332824709,8382600,0.0,0,-0.01872437991744258,1.3338400313012497,15.752331733703613,16.108479680441896,15.396183786965333,15.664996776619816,15.393980797915823,14.984355969565197,14.626881913015872,15.08583164215088
2020-01-06,15.2329217373049,15.260501587646065,15.113412559372232,15.242115020751951,7579200,0.0,0,-0.011329750720493137,1.3187279562455918,15.747735214233398,16.127227427958566,15.36824300050823,15.522505569864947,15.393980797915823,14.984355969565197,14.626881913015872,15.140989303588867
2020-01-07,15.168570680797457,15.196150531455324,14.966323702958396,15.030674934387209,9229600,0.0,0,-0.013872096233158548,1.3004344351311965,15.71601905822754,16.20848572793115,15.223552388523926,15.448961141658028,15.393980797915823,15.091370580077712,14.626881913015872,15.260502815246582
2020-01-08,15.049061761215125,15.24211545883336,15.030675193792556,15.12260627746582,7741800,0.0,0,0.006116248503803989,1.3083882152993629,15.68752064704895,16.244590508231905,15.130450785865998,15.448961141658028,15.393980797915823,15.091370580077712,14.626881913015872,15.205345153808594
2020-01-09,15.24211556452089,15.24211556452089,15.113413098549652,15.2145357131958,7596500,0.0,0,0.006078941291155937,1.316341830446208,15.666836166381836,16.261073985843193,15.072598346920477,15.448961141658028,15.393980797915823,15.091370580077712,14.626881913015872,14.993901252746582
2020-01-10,15.214535345121025,15.242115195778892,14.975516986511018,15.030674934387209,6160400,0.0,0,-0.012084547453467542,1.3004344351311965,15.644313097000122,16.29693943221599,14.991686761784257,15.43517005467014,15.545487899536433,15.054939967636491,14.626881913015872,15.104218482971191
2020-01-13,15.076640673897025,15.12260709493822,14.984709585254302,15.11341381072998,6571100,0.0,0,0.005504668067398688,1.3075928950400089,15.59926700592041,16.26786291405842,14.930671097782403,15.43516936467023,15.545487899536433,15.054939967636491,14.626881913015872,15.205345153808594
2020-01-14,15.113412434667014,15.251308178355972,15.076639301182215,15.159377098083496,10616300,0.0,0,0.003041224698081324,1.3115695788474402,15.568010425567627,16.257398618150294,14.878622232984961,15.43516936467023,15.545487899536433,15.067921453260656,14.626881913015872,15.012289047241213
2020-01-15,14.993901252746582,15.104218897910792,14.87439207780488,14.993901252746582,12849500,0.0,0,-0.010915741739667806,1.2972528240511367,15.525262546539306,16.24537406229193,14.805151030786682,15.196149008976024,15.499522086959672,15.146062973693525,14.626881913015872,14.46070384979248
2020-01-16,15.104218187976878,15.324851714495518,15.067445056837403,15.30646514892578,14894600,0.0,0,0.020846068738910928,1.3242954455930531,15.489409446716309,16.177046491234552,14.801772402198065,15.099621896150198,15.499522086959672,15.223626708288279,14.626881913015872,13.596555709838867
2020-01-17,15.352433245934948,15.398397911458988,14.892779576936173,15.0674467086792,17323400,0.0,0,-0.015615521802129106,1.3036158811899345,15.446201992034911,16.125732646735944,14.766671337333879,15.136394994631933,15.499522086959672,15.228223868020313,14.626881913015872,13.403501510620115
2020-01-21,14.97551672487663,15.058252768525676,14.819234414091513,14.938743591308594,10804400,0.0,0,-0.008541800071306671,1.2924806549630299,15.397938442230224,16.077667566385895,14.718209318074555,15.10881616277525,15.471943255102989,15.228223868020313,14.626881913015872,12.73240852355957
2020-01-22,15.00309632713236,15.00309632713236,14.874393853608334,14.911165237426758,8446500,0.0,0,-0.0018460959392784249,1.2900946116743066,15.350594091415406,16.02740391327055,14.673784269560262,15.10881616277525,15.471943255102989,15.352612493203166,14.746955245007527,12.429035186767578
2020-01-23,14.846812522252128,14.892778939247542,14.662951237869269,14.865199089050291,7058400,0.0,0,-0.003082666421071689,1.2861176803348926,15.304628610610962,15.982195298805259,14.627061922416665,15.030674574664129,15.393801666991868,15.370998151529822,14.765340903334184,13.339149475097656
2020-01-24,14.828427347561147,14.865200484609776,14.332002271482436,14.451512336730955,6501900,0.0,0,-0.027829210348353617,1.2503260408761163,15.236599779129028,15.968358098807478,14.504841459450578,14.865200091470712,15.21913347786866,15.473672844055379,14.788323549720186,12.953041076660156
2020-01-27,14.12055981774468,14.295228695774094,14.083787560799502,14.20329761505127,13732500,0.0,0,-0.0171756917820155,1.2288508261710005,15.153402423858642,15.955242151528235,14.351562696189049,14.741092736129245,15.095026122527194,15.538682006304448,14.80653817730371,13.375921249389648
2020-01-28,14.313615330355445,14.479090935887356,14.21249183626362,14.276843070983888,10869700,0.0,0,0.005178054978914437,1.2352138833097983,15.07847876548767,15.913582516826148,14.243375014149192,14.741092736129245,15.062850995652,15.5984375034919,14.80653817730371,12.832335472106934
2020-01-29,14.313614735361789,14.414739101969856,14.120560162506129,14.15733242034912,8072400,0.0,0,-0.008370943775214634,1.2248739773422475,14.999418258666992,15.868665899024293,14.130170618309691,14.741092736129245,15.062850995652,15.5984375034919,14.80653817730371,12.0610933303833
2020-01-30,14.00105067125379,14.396353116583784,13.89992717727813,14.350387573242188,13677100,0.0,0,0.013636407422035202,1.2415768579379352,14.928171825408935,15.763943199951104,14.092400450866766,14.649162544368558,14.915762878817896,15.5984375034919,14.80653817730371,9.728787422180176
2020-01-31,14.15733252906312,14.332001412698457,14.120560270937752,14.31361484527588,24895900,0.0,0,-0.002562490230917036,1.2383953293685366,14.858304500579834,15.652812986196667,14.063796014963001,14.479089972901903,14.915762878817896,15.5984375034919,14.888507169849747,10.657994270324709
2020-02-03,14.442318746297587,14.662952303592972,14.42393217816306,14.580214500427246,11277300,0.0,0,0.01862559933554131,1.2614611845923607,14.81647605895996,15.575911480985027,14.057040636934893,14.451511752205246,14.915762878817896,15.600736091353763,15.002351653995174,9.933213233947754
2020-02-04,14.800848927267449,14.993902632267456,14.727304408204638,14.947937965393066,18884900,0.0,0,0.0252207170858183,1.2932761402437059,14.801767206192016,15.53847013250856,14.065064279875472,14.446914904772793,14.915762878817896,15.646701183384787,15.002351653995174,8.790289878845215
2020-02-05,15.113413369675978,15.334046923915968,15.058253666036263,15.232922554016112,8967100,0.0,0,0.019065143920374172,1.3179326359862382,14.811879587173461,15.566405402700285,14.057353771646637,14.61698705059705,14.901971791830007,15.655894671802642,15.056998587443555,9.273477554321287
2020-02-06,15.370817658636518,15.416784076399631,15.003095083729338,15.030674934387209,10912400,0.0,0,-0.013277007016331277,1.300434435131197,14.807283020019531,15.555200963442912,14.05936507659615,14.65835562683888,14.901971101830096,15.651297246298222,15.0569988948864,7.721702575683594
2020-02-07,14.91116454141653,15.021482194601882,14.85600659154366,15.003095626831056,6312700,0.0,0,-0.0018348682062876431,1.2980483093318131,14.796711015701295,15.526880630503292,14.066541400899297,14.65835562683888,14.901971101830096,15.644402854918596,15.0569988948864,8.251349449157715
2020-02-10,14.938742097771764,14.984706756696864,14.828424461536448,14.96632194519043,8848600,0.0,0,-0.002451072935565457,1.2948666982517534,14.793493366241455,15.520029454134624,14.066957278348285,14.65835562683888,14.708916558712648,15.616823214232898,15.0569988948864,6.8389573097229
2020-02-11,15.030673698808885,15.251307225616278,15.003093850418182,15.08583164215088,6629600,0.0,0,0.007985241624369532,1.3052065217086433,14.7921142578125,15.5162914024043,14.0679371132207,14.65835562683888,14.65835562683888,15.52948878726782,15.0569988948864,7.693826675415039
2020-02-12,15.205342281969006,15.361622826288375,15.039866701584533,15.140989303588867,5081900,0.0,0,0.003656255932478425,1.3099786907967501,14.791194868087768,15.513529034488682,14.068860701686853,14.76867217366869,14.65835562683888,15.458243183890385,15.0569988948864,7.6752424240112305
2020-02-13,15.067447354207514,15.269696099433174,14.993902834154458,15.260502815246582,4604400,0.0,0,0.007893375344330211,1.3203188442962832,14.80452494621277,15.551031733497165,14.058018158928373,14.920358127281347,14.65835562683888,15.421470969786926,15.27102811591143,7.173470973968506
2020-02-14,15.214536684730962,15.242116537817184,15.095027494903412,15.205345153808594,5911600,0.0,0,-0.0036144065569635453,1.3155466752081761,14.799468946456908,15.533438779018041,14.065499113895775,15.072044242302134,14.65835562683888,15.421470969786926,15.27102811591143,8.223474502563477
2020-02-18,15.095025614693816,15.18695669342408,14.837618944936985,14.993901252746582,9830000,0.0,0,-0.013905892889846672,1.2972528240511374,14.795791673660279,15.525024792628288,14.06655855469227,15.12260426896804,14.65835562683888,15.421470969786926,15.27102811591143,8.111968994140625
2020-02-19,15.085831917042354,15.15018314435385,15.021480689730858,15.104218482971191,5140500,0.0,0,0.007357473439702833,1.306797327248673,14.804065418243407,15.543393511730912,14.064737324755903,15.12260426896804,14.65835562683888,15.490328977103285,15.27102811591143,9.152680397033691
2020-02-20,15.021482973446526,15.34324091236029,15.021482973446526,15.205345153808594,9131300,0.0,0,0.006695260066015063,1.3155466752081764,14.8187744140625,15.577701021432347,14.059847806692652,15.095023643912413,14.65835562683888,15.490328632103331,15.27102811591143,8.98542308807373
2020-02-21,15.095026849522757,15.122606701429811,14.87439329458518,15.012289047241213,12312700,0.0,0,-0.012696594823368712,1.2988437121018284,14.826128911972045,15.589599066739485,14.062658757204606,15.095023643912413,14.65835562683888,15.490328632103331,15.27102811591143,8.827457427978516
2020-02-24,14.469897133485976,14.616986165702794,14.442318159125271,14.46070384979248,10858700,0.0,0,-0.03674224468453702,1.2511212786248107,14.826588487625122,15.589156851533103,14.06402012371714,14.901970492706823,14.65835562683888,15.347835547967847,15.27102811591143,8.334979057312012
2020-02-25,14.460704235523204,14.488284087339371,13.513817907829978,13.596555709838867,15818400,0.0,0,-0.05975837337724155,1.1763563061165374,14.796251392364502,15.693552186370187,13.898950598358816,14.437720367059176,14.465300992114805,15.299571991554934,15.393980797915823,7.712410926818848
2020-02-26,13.73445185131598,13.92750643590186,13.375922534742088,13.403501510620115,11377700,0.0,0,-0.01419875763676326,1.1596535080315107,14.752584314346313,15.817989287490809,13.687179341201817,14.35958172355119,14.396353305570859,15.317958540795804,15.393980797915823,7.796040058135986
2020-02-27,13.044972319878486,13.329958014919734,12.677249690844524,12.73240852355957,15071800,0.0,0,-0.05006848296535138,1.101591416118925,14.681338119506837,16.048114684890233,13.31456155412344,14.010245301602406,14.047016883622078,15.29037970893912,15.393980797915823,7.498692512512207
2020-02-28,12.373876362700488,12.741598934081876,12.107277279269042,12.429035186767578,28618400,0.0,0,-0.023826861683760914,1.0753439498150412,14.585270500183105,16.26880643607262,12.90173456429359,13.725259095814666,13.762030677834336,15.29037970893912,15.393980797915823,8.251349449157715
2020-03-02,12.530158925168834,13.357535165674337,12.318717784858451,13.339149475097656,23705400,0.0,0,0.07322485411410051,1.1540858536627283,14.536547231674195,16.303956608572033,12.769137854776355,13.725259095814666,13.762030677834336,15.212238120827998,15.393801666991868,8.725245475769043
2020-03-03,13.28399141661934,13.578170373302894,12.842724296673762,12.953041076660156,32399400,0.0,0,-0.02894550354640757,1.120680257492675,14.45518856048584,16.353496231555415,12.556880889416266,13.725259095814666,13.762030677834336,15.042166784669686,15.228327183798452,9.39427375793457
2020-03-04,13.127707860179816,13.440272479161198,12.91626760423344,13.375921249389648,20535200,0.0,0,0.03264717298638642,1.1572672997214666,14.376587724685669,16.31695135899117,12.436224090380167,13.614941990349426,13.762030677834336,14.91805942932822,15.104219828456984,10.230558395385742
2020-03-05,12.85091913162557,13.101805181326505,12.720829970355464,12.832335472106934,24354300,0.155,0,-0.040639128112952894,1.110236965667155,14.25655837059021,16.266694887897856,12.246421853282564,13.362131722485918,13.762030677834336,14.901971865890623,15.104219828456984,9.914628028869627
2020-03-06,12.144722011307296,12.581449074932667,11.828791832776597,12.0610933303833,21487800,0.0,0,-0.06010146347872891,1.0435100992223756,14.108079290390014,16.300088116913017,11.916070463867012,13.158537960057984,13.622787954588114,14.901971865890623,15.104219828456984,9.403565406799316
2020-03-09,10.639408909963263,10.87171041841731,9.524361846615836,9.728787422180176,23502700,0.0,0,-0.19337433550304883,0.8417220271945282,13.84436388015747,16.714788748772996,10.973939011541942,11.725934141258847,12.470572961507735,14.782462711593226,15.012289636696298,8.63232421875
2020-03-10,10.258435361684114,10.69516247907081,9.765956374258264,10.657994270324709,17013400,0.0,0,0.09551106503016826,0.9221157944712298,13.628947496414185,16.767417800079556,10.490477192748811,11.551266109959364,12.470572961507735,14.697426425859899,15.012289636696298,8.223474502563477
2020-03-11,10.267728011061074,10.45356906159068,9.700911699245738,9.933213233947754,25918700,0.0,0,-0.06800351154203366,0.859408682398814,13.371316576004029,16.82298868037305,9.919644471635007,11.551266109959364,12.470572961507735,14.683637315511572,15.012289636696298,8.846040725708008
2020-03-12,9.087635551921752,9.645159575100267,8.548696076390526,8.790289878845215,18790100,0.0,0,-0.11506078931201069,0.7605244410604113,13.053781604766845,16.941739303864058,9.165823905669633,11.06343322484671,11.982740076395078,14.681338891795345,15.012289636696298,8.734536170959473
2020-03-13,9.645160570172784,9.831001635018485,8.901795424629892,9.273477554321287,28002000,0.0,0,0.054968343721964796,0.8023292099455751,12.754430341720582,16.835936139668057,8.672924543773107,11.06343322484671,11.982740076395078,14.759479421213529,15.012289636696298,8.251349449157715
2020-03-16,7.916835879362527,8.149137389163165,7.554445205055955,7.721702575683594,20294300,0.0,0,-0.16733474250062663,0.668071658198601,12.380248212814331,16.85228199444572,7.9082144311829445,10.497358842108577,11.458034015672165,14.780163364334488,15.012289636696298,8.446484565734863
2020-03-17,7.870375128042894,8.6137401109342,7.359311646920126,8.251349449157715,23497600,0.0,0,0.06859198062640126,0.7138960164348073,12.043120622634888,16.691258183729865,7.394983061539912,10.230558414123315,11.36046723660425,14.780163364334488,15.012289636696298,8.753120422363281
2020-03-18,7.69382658574325,8.084093235165591,6.7739127204591725,6.8389573097229,18007800,0.0,0,-0.17117104882510936,0.5916976865495938,11.629857563972473,16.579194892635694,6.680520235309253,9.67768089769592,11.067767773373774,14.683636092775764,15.012289636696298,9.096928596496582
2020-03-19,6.746036863028569,7.861084066019727,6.44869073546025,7.693826675415039,15534000,0.0,0,0.12499995642271022,0.6656598715837114,11.254281640052795,16.201311980960817,6.307251299144776,8.66020057693878,10.905156780874313,14.65835562683888,15.012289636696298,9.738080024719238
2020-03-20,7.805330707908388,8.139845463438158,7.312851734240637,7.6752424240112305,23045600,0.0,0,-0.0024154757038123975,0.6640519863368981,10.887429308891296,15.75193327757408,6.022925340208511,8.57192660726553,10.89596582391027,14.713513900253785,15.012289636696298,9.933213233947754
2020-03-23,7.554445780348233,7.75887137266516,7.061966347112001,7.173470973968506,17459500,0.0,0,-0.06537532267032797,0.6206393734602512,10.523067665100097,15.35357814737662,5.692557182823575,8.451129898525465,10.89596582391027,14.789356877060113,15.012289636696298,10.46285915374756
2020-03-24,7.721703234058046,8.40931554901734,7.600906332323032,8.223474502563477,15558100,0.0,0,0.14637314800677137,0.7114843123305784,10.254413604736328,14.966231376909466,5.542595832563189,8.139846185239367,10.89596582391027,14.865199934570507,15.012289636696298,9.988965034484863
2020-03-25,8.40931555483243,8.548696118229207,7.926127947558253,8.111968994140625,18087500,0.0,0,-0.013559415595937208,0.7018370008496985,9.989836978912354,14.555048745360132,5.424625212464577,8.139846185239367,10.89596582391027,14.89047994790346,15.012289636696298,9.450026512145996
2020-03-26,8.223474301341335,9.264185022177577,8.195597480435374,9.152680397033691,17779900,0.0,0,0.12829331616587591,0.791877997096619,9.810850572586059,14.207724857294124,5.4139762878779925,7.856437878818913,10.89596582391027,14.89047994790346,15.012289636696298,9.440733909606934
2020-03-27,8.585864180160463,9.384981995986998,8.56728051890124,8.98542308807373,12732600,0.0,0,-0.018274134101106343,0.7774071123859598,9.638669967651367,13.877112106819006,5.40022782848373,7.916836365723624,10.785648718445032,14.876689635375646,15.012289636696298,9.273477554321287
2020-03-30,8.864625634334134,9.022590732885492,8.492943570777962,8.827457427978516,11634200,0.0,0,-0.017580213925027177,0.763740129043377,9.41308536529541,13.301911966254032,5.524258764336789,7.916836365723624,10.532838450581522,14.876689635375646,15.012289636696298,8.966838836669922
2020-03-31,8.706661146958924,8.780997564888306,8.223474430417939,8.334979057312012,15360200,0.0,0,-0.05578937929574146,0.7211315413007975,9.182182264328002,12.733053419534993,5.63131110912101,7.916836365723624,10.46848741139981,14.780163059772851,15.012289636696298,9.152680397033691
2020-04-01,7.768162797433728,8.028341147503188,7.489401672039317,7.712410926818848,14045200,0.0,0,-0.07469342468797269,0.6672677568305247,8.899006748199463,11.926414846666322,5.871598649732603,8.2234741715495,10.188098585681054,14.451510679586992,14.819235001972222,9.589406967163086
2020-04-02,7.591614453323919,8.121261684806035,7.461525270959866,7.796040058135986,14036000,0.0,0,0.010843448580563742,0.6745032404411847,8.647191977500915,11.102118158573582,6.192265796428249,8.2234741715495,10.013430554381571,14.377967514561025,14.750287315428277,9.115510940551758
2020-04-03,7.768162230580578,7.842498643415995,7.340727856776932,7.498692512512207,14772800,0.0,0,-0.03814084373687454,0.6487771177475019,8.419071936607361,10.349477289598449,6.488666583616274,8.362854926381965,10.013430554381571,14.028631092612242,14.400950893479497,8.660199165344238
2020-04-06,8.000463401890938,8.344269518169188,7.805330104958968,8.251349449157715,15990700,0.0,0,0.10037175619478145,0.7138960164348072,8.345200037956237,10.179118994540437,6.511281081372039,8.362854926381965,10.013430554381571,13.743644886824502,14.115964687691754,8.288518905639648
2020-04-07,8.985422931998926,9.227016727292376,8.660200447091588,8.725245475769043,14330800,0.0,0,0.05743254840088041,0.7548968839518949,8.248562598228455,9.7562703939867,6.74085480247021,8.362854926381965,10.013430554381571,13.743644886824502,14.115964687691754,8.67878532409668
2020-04-08,8.883211089778154,9.487194726413936,8.855334267538327,9.39427375793457,10880200,0.0,0,0.0766773019766025,0.8127803402838706,8.221615624427795,9.622268291072377,6.8209629577832125,8.413961291595434,9.944481607310724,13.743644886824502,14.106770981761963,8.539403915405273
2020-04-09,9.756663117023372,10.425691693172606,9.719494912023965,10.230558395385742,16772700,0.0,0,0.08902067993758767,0.8851345988158447,8.293629050254822,9.934201369309214,6.65305673120043,8.88320977497477,9.775247958393377,13.68848633409188,14.106770981761963,9.319936752319336
2020-04-13,10.23055820867884,10.28631007208053,9.645158326001752,9.914628028869627,11637000,0.0,0,-0.03088104816044135,0.8578007146413397,8.325686573982239,10.064789715152632,6.586583432811846,8.88320977497477,9.515069905196459,13.562081200160126,14.07459585488677,8.957547187805176
2020-04-14,10.081886304815065,10.202682315182829,9.189848434130228,9.403565406799316,16539500,0.0,0,-0.05154632332974951,0.813584241651947,8.409779715538026,10.186584075894997,6.632975355181054,8.88320977497477,8.66020057693878,13.390662957323048,13.935353131640547,9.338520050048828
2020-04-15,8.8181652525879,8.96683807965822,8.604448285214302,8.63232421875,13275000,0.0,0,-0.08201582641108285,0.7468574577178284,8.428828454017639,10.206609399249269,6.651047508786009,8.88320977497477,8.57192660726553,12.09825355138329,12.727980213486749,9.236308097839355
2020-04-16,8.567280660043124,8.5951565954712,8.130553536256542,8.223474502563477,15716100,0.0,0,-0.04736264600656148,0.7114843123305784,8.498054313659669,10.122425077743316,6.873683549576021,8.88320977497477,8.451129898525465,12.01091953573355,12.727980213486749,9.245600700378418
2020-04-17,8.372145496939405,9.022589459439155,8.149136290281174,8.846040725708008,16877000,0.0,0,0.0757059832739142,0.7653479317795295,8.555665016174316,10.142760029330615,6.9685700030180175,9.115510899065788,8.437191214316428,12.01091953573355,12.727980213486749,10.18409824371338
2020-04-20,8.557987418334678,9.05975863009346,8.279225437099822,8.734536170959473,11453000,0.0,0,-0.012605023897808376,0.7557007028093103,8.608629703521729,10.143969988976659,7.073289418066798,9.278122614714574,8.437191214316428,11.523086650620893,12.240147328374093,11.131888389587402
2020-04-21,8.390729995754876,8.632323770272535,8.158428493986337,8.251349449157715,15522000,0.0,0,-0.05531910479783164,0.713896016434807,8.662523627281189,10.06069671079295,7.264350543769428,9.278122614714574,8.437191214316428,11.523086650620893,12.226356241386204,10.685870170593262
2020-04-22,8.50223644192052,8.641617904704848,8.381440414798234,8.446484565734863,11047700,0.0,0,0.023648873166687512,0.7307788527816773,8.673674130439759,10.061062712467544,7.286285548411972,9.278122614714574,8.437191214316428,10.977696428890372,11.729230115719009,10.509320259094238
2020-04-23,8.539402585674983,8.846041375038173,8.511526654336468,8.753120422363281,12417400,0.0,0,0.03630337026511099,0.7573085880561236,8.70573170185089,10.06888031714756,7.342583086554221,9.208431804168537,8.437191214316428,10.795512825363783,11.631663336651094,10.667285919189451
2020-04-24,8.846043385121622,9.292061932526032,8.734537862110438,9.096928596496582,16855700,0.0,0,0.0392783553228524,0.7870544238668397,8.702944111824035,10.062611273054642,7.343276950593427,9.166617925719684,8.437191214316428,10.372724335534848,11.14590933030317,10.871710777282717
2020-04-27,9.19914052871852,9.831000994164896,9.013299475987244,9.738080024719238,14233000,0.0,0,0.07047998908879838,0.842526011073265,8.74057695865631,10.170080919194156,7.311072998118466,8.980777265210719,8.743829020142304,9.782678678906546,10.932737405929942,11.438528060913086
2020-04-28,10.221267526888663,10.397816303351783,9.849585425829453,9.933213233947754,11182800,0.0,0,0.020038160369722613,0.8594086823988137,8.795864748954774,10.318095058321509,7.273634439588038,9.264184919804162,8.743829020142304,9.733946215587899,10.932737405929942,12.167844772338867
2020-04-29,10.39781413500657,10.648700165522149,10.230557667489364,10.46285915374756,11712000,0.0,0,0.05332070371646602,0.9052329581243593,8.90225875377655,10.572684096239431,7.23183341131367,9.39891822790166,8.99471401114954,9.673547861217868,10.932737405929942,12.544266700744627
2020-04-30,10.091177380936433,10.211974273739164,9.803124001772948,9.988965034484863,9886400,0.0,0,-0.045292984670730174,0.864232255628593,9.016086459159851,10.656345860289933,7.375827058029769,9.403564329754243,8.99471401114954,9.517906004574819,10.932737405929942,13.024205207824709
2020-05-01,9.654452111015711,9.691620321159292,9.329229607639348,9.450026512145996,6817500,0.0,0,-0.053953389613267455,0.8176039960243106,9.098785781860352,10.647948808445626,7.5496227552750765,9.403564329754243,8.99471401114954,9.517906004574819,10.932737405929942,12.666604042053224
2020-05-04,9.227016930257014,9.46860984470475,9.09692775620054,9.440733909606934,6483200,0.0,0,-0.0009833414252455874,0.8168000121455735,9.195887851715089,10.562545917374898,7.829229786055279,9.515070290160192,8.99471401114954,9.376201851364591,10.932737405929942,11.913758277893066
2020-05-05,9.719496996111063,9.831001635018485,9.227017952729938,9.273477554321287,8155700,0.0,0,-0.017716456886412768,0.802329209945575,9.246994256973267,10.542380588208555,7.951607925737979,9.580113409929307,8.99471401114954,9.351242542084329,10.932737405929942,10.728029251098633
2020-05-06,9.403565967678972,9.48719466150624,8.93896290078084,8.966838836669922,8734600,0.0,0,-0.03306620583865827,0.7757992271391465,9.25907392501831,10.53902101791461,7.9791268321220095,9.691619013816293,8.99471401114954,9.224837408152574,10.932737405929942,11.198555946350098
2020-05-07,9.115512188652396,9.459318337719369,9.078343980271102,9.152680397033691,9976700,0.0,0,0.02072542662457244,0.7918779970966189,9.246994256973267,10.526160930065604,7.96782758388093,9.793831533151494,8.99471401114954,9.192661888561716,10.932737405929942,11.443231582641602
2020-05-08,9.450026402285026,9.645159724810323,9.30135356343909,9.589406967163086,7561600,0.0,0,0.047715701978508385,0.8296630116094192,9.214936685562133,10.423332253545734,8.006541117578532,9.793831533151494,8.99471401114954,9.205786378615276,10.932737405929942,11.838475227355955
2020-05-11,9.42214883925241,9.42214883925241,8.976129513586091,9.115510940551758,10962000,0.0,0,-0.04941870005455873,0.7886621440923315,9.17498083114624,10.339788672504529,8.01017298978795,9.793831533151494,8.99471401114954,9.118452362965535,10.932737405929942,11.631442070007324
2020-05-12,9.208430817307931,9.329227697076194,8.660199165344238,8.660199165344238,10209900,0.0,0,-0.04994912278389074,0.749269161822057,9.137812519073487,10.318577753617577,7.957047284529397,9.436086719541702,9.227015135240558,9.188142740381767,10.932737405929942,11.631442070007324
2020-05-13,8.585864589234243,8.641617347988248,8.102677853393027,8.288518905639648,14005600,0.0,0,-0.04291821153397413,0.7171118694390946,9.120622253417968,10.340125282479857,7.90111922435608,8.966839744205757,9.375689009457588,9.188142740381767,10.932737405929942,11.292664527893066
2020-05-14,8.01904894181507,8.808873614076708,7.814623346783581,8.67878532409668,16513000,0.0,0,0.04708518167117748,0.750877212090192,9.143387794494629,10.310360887104197,7.9764147018850595,8.822812490901033,9.231661756152864,9.188142740381767,10.932737405929942,11.36794662475586
2020-05-15,8.548696189351704,8.706661301800942,8.372147415169621,8.539403915405273,9178000,0.0,0,-0.016060013410449603,0.7388181139944224,9.128055953979493,10.318331982048951,7.937779925910034,8.822812490901033,9.231661756152864,9.17922144945308,10.932737405929942,11.30207347869873
2020-05-18,9.004006542722074,9.39427316797046,8.938962400567336,9.319936752319336,10766400,0.0,0,0.09140366759159435,0.8063487992966173,9.157325983047485,10.336065228304902,7.978586737790068,8.729891535796952,9.231661756152864,9.329228866684073,10.932737405929942,10.615102767944336
2020-05-19,9.171264166994138,9.31993700228385,8.91108670523714,8.957547187805176,9639400,0.0,0,-0.03888326435519818,0.7749953257710703,9.192635869979858,10.30010973272743,8.085162007232286,8.729891535796952,9.231661756152864,9.199139840085614,10.932737405929942,10.96329402923584
2020-05-20,9.161970421875408,9.403564183502269,9.14338676352865,9.338520050048828,9019100,0.0,0,0.042530935562618,0.8079566020327699,9.237237644195556,10.29089303510952,8.183582253281593,8.729891535796952,9.231661756152864,8.771705175956775,10.932737405929942,10.02223777770996
2020-05-21,9.292060852866948,9.552238308622428,9.208432163405549,9.236308097839355,7991500,0.0,0,-0.010945198132217726,0.7991133569412878,9.26139702796936,10.29117494219997,8.231619113738752,8.683430827703004,9.231661756152864,8.727568191120149,10.932737405929942,10.21985912322998
2020-05-22,9.2734766358042,9.422150359115056,9.06905192780179,9.245600700378418,6788200,0.0,0,0.001006094907253674,0.7999173408200249,9.268830633163452,10.295865370703483,8.24179589562342,8.683430827703004,9.231661756152864,8.667169836750118,10.932737405929942,10.464534759521484
2020-05-26,9.74737115636547,10.397815207763673,9.682327017073629,10.18409824371338,13327600,0.0,0,0.1015074708230208,0.881114926954142,9.29113154411316,10.376325193471565,8.205937894754754,9.106219277273627,9.231661756152864,8.776351056691109,10.932737405929942,10.00341796875
2020-05-27,10.788082247051028,11.15047293650503,10.546489340241664,11.131888389587402,15820400,0.0,0,0.09306569155095201,0.9631164969669957,9.351065301895142,10.679545352260702,8.022585251529582,9.482548141644305,9.482548141644305,8.857656914515502,10.932737405929942,9.975186347961426
2020-05-28,11.299146055989535,11.354898812007375,10.639409688271726,10.685870170593262,12227400,0.0,0,-0.040066716749634246,0.9245275810861192,9.362215852737426,10.731403484694134,7.993028220780719,9.8635231135885,9.584761079395477,8.857656914515502,10.932737405929942,10.163397789001465
2020-05-29,10.407107031862584,10.685869009338166,10.295602418104329,10.509320259094238,19646300,0.0,0,-0.016521809518599273,0.909252712496723,9.388233613967895,10.823003696186774,7.953463531749016,10.132992758622258,9.584761079395477,8.857656914515502,10.905156780874313,9.721099853515623
2020-06-01,10.546489902425686,10.806667370021522,10.462861209158447,10.667285919189451,8730400,0.0,0,0.015031006402009384,0.9229196958393057,9.449096584320069,10.98974275583549,7.908450412804647,10.132992758622258,9.584761079395477,8.822811509242483,10.905156780874313,9.730509757995604
2020-06-02,10.881003050605988,11.104012293404825,10.732330222073433,10.871710777282717,10844500,0.0,0,0.019163717898057264,0.940606268532931,9.520645427703858,11.182593899407749,7.858696955999968,10.211975369904582,9.584761079395477,8.801904570018056,10.905156780874313,9.25057315826416
2020-06-03,11.243394734572243,11.605784564805209,11.15047376539659,11.438528060913086,11358900,0.0,0,0.05213689871282989,0.9896465622840852,9.628897953033448,11.485249543055403,7.772546363011494,10.3374182463035,9.710203955794395,8.862303142676511,10.905156780874313,9.68345832824707
2020-06-04,11.424411154465446,12.167844772338867,11.264431688818991,12.167844772338867,14367300,0.155,0,0.06375966449021964,1.0527460950592178,9.788948249816894,11.923707031886757,7.654189467747031,10.618448350070327,9.991234059561224,9.004006969973233,10.89596582391027,9.862259864807127
2020-06-05,13.174773804619674,13.410037622559312,12.403108768964945,12.544266700744627,14606200,0.0,0,0.030935793104583276,1.0853136304476276,9.958527565002441,12.386290205893626,7.530764924111257,11.54618231981647,10.612330484671446,9.1968161195256,10.89596582391027,9.608174324035645
2020-06-08,12.96774149618975,13.15595237253919,12.694835501118,13.024205207824709,8903500,0.0,0,0.038259590498948226,1.1268372855114808,10.130267477035522,12.895672793698594,7.36486216037245,11.85282002033182,10.612330484671446,9.199139170451891,10.89596582391027,10.097521781921388
2020-06-09,12.440750991360684,12.83599427880275,12.261949986467238,12.666604042053224,10772500,0.0,0,-0.02745665935581576,1.09589809801376,10.307822132110596,13.242522839602639,7.373121424618553,11.85282002033182,10.612330484671446,9.199139170451891,10.89596582391027,10.163397789001465
2020-06-10,12.478391737421516,12.534854544898277,11.876116107088512,11.913758277893066,11739000,0.0,0,-0.05943548575930091,1.0307628622156182,10.470500087738037,13.382205748867435,7.558794426608639,11.85282002033182,10.612330484671446,9.254892150654866,10.89596582391027,9.711689949035645
2020-06-11,10.935061652757508,11.358536326295049,10.662155672259075,10.728029251098633,11101700,0.0,0,-0.09952602689569834,0.9281751298676596,10.592475605010986,13.325357446546588,7.859593763475383,11.93644941585888,10.612330484671446,9.287413710539424,10.785648718445032,9.626993179321287
2020-06-12,11.433819734277286,11.433819734277286,10.718618501048333,11.198555946350098,11041600,0.0,0,0.04385956490594767,0.9688844872201766,10.718464136123657,13.314281189736409,8.122647082510905,12.036096647409193,10.612330484671446,9.343166512482917,10.532838450581522,10.163397789001465
2020-06-15,10.746850919955238,11.565568871620592,10.624513630976248,11.443231582641602,12572500,0.0,0,0.02184885600104991,0.9900535048631013,10.863655519485473,13.271802445786543,8.455508593184403,12.01727562676778,10.612330484671446,9.394272772150517,10.46848741139981,10.163397789001465
2020-06-16,12.13020275600137,12.18666556963581,11.509105523800836,11.838475227355955,11065700,0.0,0,0.034539512886718526,1.0242494706528613,10.989582443237305,13.323110022600204,8.656054863874406,12.01727562676778,10.612330484671446,9.394272772150517,10.188098585681054,10.389248847961426
2020-06-17,11.91375881243851,11.989043157425469,11.584390027485613,11.631442070007324,9980800,0.0,0,-0.017488160710952494,1.006337231301976,11.123277187347412,13.273043626871228,8.973510747823596,12.01727562676778,10.612330484671446,9.394272772150517,10.013430554381571,10.276323318481444
2020-06-18,11.452641975028342,11.95140098493199,11.358536095064553,11.631442070007324,9730400,0.0,0,0.0,1.006337231301976,11.237923288345337,13.232042419440068,9.243804157250606,11.890233001757718,10.612330484671446,9.331550927391131,10.013430554381571,9.984596252441406
2020-06-19,11.904350164169802,11.904350164169802,11.217380169503938,11.292664527893066,51155600,0.0,0,-0.029126013788765226,0.9770266392269269,11.340741109848022,13.1083110043825,9.573171215313543,11.730253954889498,10.612330484671446,9.171264376831672,10.013430554381571,9.91872215270996
2020-06-22,11.21737793793157,11.56556825057778,11.132682827227866,11.36794662475586,7723000,0.0,0,0.0066664600437607024,0.983539948279023,11.446858406066895,12.927190375717561,9.966526436416228,11.579684087937263,10.891092518864466,9.027237123526948,10.013430554381571,10.389248847961426
2020-06-23,11.631442269294876,11.744368788710142,11.28325194339942,11.30207347869873,9601000,0.0,0,-0.005794638929222051,0.9778406894062803,11.502757167816162,12.866788604000943,10.13872573163138,11.40558960030603,11.160562163898227,9.027237123526948,9.944481607310724,10.116344451904297
2020-06-24,11.104451919470028,11.151504860572146,10.605692897692078,10.615102767944336,9605400,0.0,0,-0.06078271496368726,0.9184048775022029,11.47691788673401,12.887372845029141,10.066462928438877,11.396179233663943,11.160562163898227,8.980776645974908,9.775247958393377,10.21985912322998
2020-06-25,10.539819318195796,11.00093620582917,10.48335650203594,10.96329402923584,10895300,0.0,0,0.03280149697118118,0.9485299323099095,11.490789079666138,12.874777246504738,10.106800912827538,11.335011035835876,11.239544775180551,8.980776645974908,9.515069905196459,10.125755310058594
2020-06-26,10.633924211852852,10.69979779035278,9.975185734472984,10.02223777770996,14589700,0.0,0,-0.08583699835253567,0.867110970072893,11.466434955596924,12.934191744213788,9.99867816698006,11.080925652054397,11.239544775180551,8.980776645974908,8.66020057693878,10.069291114807127
2020-06-29,10.23868065796356,10.417480750631729,10.059879667835224,10.21985912322998,9390100,0.0,0,0.019718285467098307,0.8842089117124428,11.44406361579895,12.97290390962727,9.915223321970629,10.982114445949225,11.239544775180551,8.957546291927933,8.57192660726553,10.285734176635742
2020-06-30,10.116344408505368,10.558640647887035,10.088113000979808,10.464534759521484,14251800,0.0,0,0.023941194623255724,0.9053779293553675,11.423704814910888,12.993239101603526,9.85417052821825,10.963293359702487,11.54618231981647,8.957546291927933,8.548695450491198,10.20103931427002
2020-07-01,10.445714212014016,10.53981920374533,9.918722847969626,10.00341796875,12519300,0.0,0,-0.04406471968110415,0.8654827046928647,11.351949310302734,13.040271601400232,9.663627019205236,10.911536506069714,11.664380235264469,9.168940516713246,8.548695450491198,10.596281051635742
2020-07-02,10.276323751007425,10.49276603508167,9.909311867949926,9.975186347961426,13439800,0.0,0,-0.0028221974605847633,0.8630401416015004,11.242316389083863,12.988878466809291,9.495754311358434,10.826840328330034,11.65967474525462,9.482548141644305,8.79958183598264,10.822134971618652
2020-07-06,10.210450735204216,10.436303800025064,9.965776132918148,10.163397789001465,9382800,0.0,0,0.018867962409394368,0.879323950551036,11.123272943496705,12.822039756066763,9.424506130926646,10.826840328330034,11.65967474525462,9.724142096491988,8.901794773733812,11.226789474487305
2020-07-07,10.012827351674648,10.050469522650635,9.702279216757704,9.721099853515623,9078700,0.0,0,-0.04351870749017461,0.8410569087579006,10.95811767578125,12.52093927252231,9.395296079040188,10.426892038664924,11.556158419658509,9.858876919008868,8.901794773733812,11.217378616333008
2020-07-08,9.69286759035667,9.871667662276598,9.514066620976674,9.730509757995604,9510300,0.0,0,0.00096798763738426,0.8418710414479149,10.81131296157837,12.249989051621155,9.372636871535585,10.257501413402922,11.462052121767993,9.858876919008868,8.901794773733812,10.935062408447266
2020-07-09,9.683458614897877,9.749332196083364,9.212930983663847,9.25057315826416,10371200,0.0,0,-0.04932286300181521,0.8003475514053839,10.678153705596923,12.17644066371819,9.179866747475657,9.956364387008314,11.31148430311158,9.89836822465003,8.901794773733812,11.07621955871582
2020-07-10,9.25057288442768,9.702279863720188,9.222341478678212,9.68345832824707,10660900,0.0,0,0.04679549716291742,0.8378002129765225,10.625925159454345,12.185854709080882,9.065995609827809,9.885785815775442,11.31148430311158,10.023811101048947,9.333875455958605,10.982114791870115
2020-07-13,9.890492172130068,10.003418709040796,9.551711663937535,9.862259864807127,9936600,0.0,0,0.018464636341593454,0.8532698892360435,10.559110355377197,12.129760698582482,8.988460012171911,9.885785815775442,11.31148430311158,10.304841204815776,9.614905559725434,10.69979763031006
2020-07-14,9.796385198179976,9.852848909153396,9.476426263404491,9.608174324035645,10079800,0.0,0,-0.025763419769354368,0.8312867389031048,10.467357492446899,12.035059553125649,8.89965543176815,9.876375093704588,11.184441678101518,11.079256402243958,10.375382739668122,10.746850967407228
2020-07-15,9.937543224904465,10.135164851172624,9.796384407592823,10.097521781921388,9049800,0.0,0,0.05093032675953846,0.873624444146311,10.380309820175171,11.820655271664942,8.9399643686854,9.852848509372759,11.024462631233298,11.232575252501633,10.375382739668122,10.426891326904297
2020-07-16,9.965776132918148,10.34219790761956,9.881081009245252,10.163397789001465,9137100,0.0,0,0.006523977714811169,0.8793239505510358,10.306907606124877,11.628205110452836,8.985610101796919,9.824617391844455,10.873892764281063,11.232575252501633,10.375382739668122,10.323376655578612
2020-07-17,10.022238111536652,10.059880285856162,9.664637904231428,9.711689949035645,17500000,0.0,0,-0.044444569556713165,0.8402427760678866,10.210920000076294,11.404855575161047,9.016984424991541,9.777564445641705,10.69979827664983,11.232575252501633,10.375382739668122,10.85977840423584
2020-07-20,9.59876177779456,9.815204916059674,9.570530376267833,9.626993179321287,8707400,0.0,0,-0.008721115496769682,0.8329149217724722,10.127636432647705,11.236590067918696,9.018682797376714,9.777564445641705,10.69979827664983,11.274389950265164,10.375382739668122,10.991524696350098
2020-07-21,9.730512299364689,10.229271375209136,9.730512299364689,10.163397789001465,10967500,0.0,0,0.055718810607695346,0.879323950551036,10.067408990859985,11.018369782839773,9.116448198880196,9.777564445641705,10.69979827664983,11.32421356604032,10.375382739668122,10.709208488464355
2020-07-22,10.050471256591042,10.24809291267436,10.0128290791209,10.163397789001465,9561900,0.0,0,0.0,0.879323950551036,10.010475206375123,10.775239680594046,9.2457107321562,9.782269693148887,10.69979827664983,11.314803055719613,10.375382739668122,11.010346412658691
2020-07-23,10.097521355796673,10.4645331883665,10.088111486341136,10.389248847961426,6922700,0.0,0,0.022222003275752078,0.8988642902606283,9.999182510375977,10.733649473843325,9.26471554690863,9.970479725885497,10.600987070544658,11.314803055719613,10.375382739668122,11.019756317138672
2020-07-24,10.445713549295384,10.54922930287045,10.219859609056728,10.276323318481444,6263400,0.0,0,-0.010869460452103907,0.8890941204058319,9.964833974838255,10.566716851701312,9.362951097975198,10.012827783137471,10.58216598429792,11.314803055719613,10.375382739668122,10.878599166870115
2020-07-27,10.172808027441226,10.182217898223012,9.937544206151708,9.984596252441406,9275100,0.0,0,-0.028388272439363704,0.8638542742915147,9.962951898574827,10.564334791629705,9.36156900551995,10.059879839569142,10.558640573916826,11.251281743214582,10.60768386375914,10.944472312927246
2020-07-28,9.91872215270996,10.041059441099597,9.871669211412376,9.91872215270996,9091200,0.0,0,-0.006597572707593424,0.8581549329081111,9.947895050048826,10.537636846572903,9.35815325352475,10.059879839569142,10.478649886186995,11.171292219780472,10.612330484671446,11.095041275024414
2020-07-29,9.909310504783992,10.389248847961426,9.83402616437892,10.389248847961426,9914100,0.0,0,0.04743823730589236,0.8988642902606282,9.944130754470823,10.521326987286695,9.36693452165495,10.059879839569142,10.478649886186995,11.235388303400864,10.612330484671446,10.994914054870604
2020-07-30,10.01282869222632,10.125755220273277,9.834027683056776,10.116344451904297,5713900,0.0,0,-0.02626796220312677,0.8752529570583216,9.94977707862854,10.531423299694492,9.368130857562587,10.059879839569142,10.182217922117996,11.283075882102128,10.612330484671446,11.252384185791016
2020-07-31,10.069290435202015,10.21985912322998,9.946953151814249,10.21985912322998,11041700,0.0,0,0.010232418618980388,0.8842089117124429,9.962010717391966,10.55558055929827,9.36844087548566,10.139870801117569,10.106933594746508,11.278370698781085,10.612330484671446,10.842339515686035
2020-08-03,10.229271070654448,10.295144654900874,10.059880828351892,10.125755310058594,6465600,0.0,0,-0.00920793643402451,0.8760671722589967,9.960128593444823,10.551340778033946,9.3689164088557,10.191627733624685,9.956364387008314,11.287277905508214,10.612330484671446,10.9281644821167
2020-08-04,10.1257548253586,10.201039174453738,10.03164894025956,10.069291114807127,6312900,0.0,0,-0.005576294658767522,0.8711819635656073,9.977538156509398,10.559915648052847,9.39516066496595,10.191627733624685,9.885785815775442,11.160235213617474,10.612330484671446,10.71837329864502
2020-08-05,10.21985969881829,10.33278622119935,10.163396886357871,10.285734176635742,5624900,0.0,0,0.021495362420332675,0.8899083356065071,10.005299377441405,10.590887767867502,9.419710987015309,10.191627733624685,9.885785815775442,11.110829610564888,10.612330484671446,10.98537826538086
2020-08-06,10.210450082400955,10.323376607591442,10.106933427881158,10.20103931427002,6168500,0.0,0,-0.008234206806365774,0.8825806463324143,10.052822685241697,10.528593886853033,9.577051483630362,10.111637506170172,9.881080143267148,11.254737839759478,10.612330484671446,11.500319480895996
2020-08-07,10.078700547105091,10.605691818390508,10.050469144300909,10.596281051635742,7677400,0.0,0,0.03874524204733021,0.9167764471008528,10.098463821411132,10.598529719748443,9.59839792307382,10.219858991384715,9.909311401027178,11.287958370667091,10.612330484671446,11.424031257629396
2020-08-10,10.61510257304666,10.98211442995244,10.60569270296717,10.822134971618652,6380000,0.0,0,0.021314451634712572,0.9363170343424275,10.14645757675171,10.725558113887784,9.567357039615635,10.408070297165679,10.097522706808142,11.243257536792328,10.612330484671446,11.528925895690918
2020-08-11,11.151505125916644,11.584390578928048,11.151505125916644,11.226789474487305,10987100,0.0,0,0.03739137461599484,0.9713272153328626,10.227388334274291,10.924716144279415,9.530060524269167,10.709209130992413,10.398660781295948,11.243257536792328,10.612330484671446,11.471710205078123
2020-08-12,11.462053195949922,11.584390485758378,10.822135340785756,11.217378616333008,11644900,0.0,0,-0.0008382501672168363,0.9705130001321876,10.283381175994872,11.100901827054068,9.465860524935676,10.765671865371148,10.398660781295948,10.991525229161716,10.612330484671446,11.35727882385254
2020-08-13,11.000935991839151,11.047988936030617,10.86918882505538,10.935062408447266,6540500,0.0,0,-0.02516775242610403,0.9460873692185452,10.321964406967162,11.185258662556274,9.45867015137805,10.808019759593805,10.398660781295948,10.859776767585458,10.612330484671446,10.78512477874756
2020-08-14,10.822134237149704,11.198555938588251,10.793902833906843,11.07621955871582,5124500,0.0,0,0.01290867349412772,0.9583001021647056,10.39019088745117,11.265506298361867,9.514875476540475,10.808019759593805,10.40336602880313,10.633924345059947,10.612330484671446,10.527653694152832
2020-08-17,10.935061850081272,11.066809907597992,10.822135328264176,10.982114791870115,9335600,0.0,0,-0.008496108834503358,0.9501582802005986,10.457946968078613,11.295016232659053,9.620877703498172,10.817429861614478,10.53040842116627,10.598635059443511,10.612330484671446,10.251112937927246
2020-08-18,10.98211437281015,10.98211437281015,10.662155457807392,10.69979763031006,5079600,0.0,0,-0.025706994227473356,0.9257325667762958,10.484766960144043,11.31666889030485,9.652865029983236,10.817429861614478,10.53040842116627,10.598635059443511,10.612330484671446,10.260649681091309
2020-08-19,10.68097738745853,10.897419662981514,10.605693039671388,10.746850967407228,5046900,0.0,0,0.004397591311809279,0.9298035602690101,10.513939619064331,11.339545833254947,9.688333404873715,10.817429861614478,10.57746047759794,10.530408385903053,10.612330484671446,10.489509582519531
2020-08-20,10.586870779367102,10.633923717878542,10.417480559709976,10.426891326904297,5384600,0.0,0,-0.029772408817550056,0.9021210685526676,10.515821743011475,11.340442727851267,9.691200758171684,11.000935569319012,10.57746047759794,10.438655570303029,10.612330484671446,10.97584342956543
2020-08-21,10.379839469706194,10.49276599542161,10.2575021758161,10.323376655578612,5334400,0.0,0,-0.009927663776315487,0.8931651138985462,10.518174409866333,11.340286330262826,9.69606248946984,10.920946377372074,10.57746047759794,10.34925507806276,10.612330484671446,10.842339515686035
2020-08-24,10.436303687882107,10.859778404235838,10.351608565119305,10.85977840423584,5806100,0.0,0,0.05195991258997257,0.9395738951451276,10.561933517456055,11.35827163039215,9.76559540451996,10.920946330787238,10.57746047759794,10.238681361145767,10.612330484671446,10.994914054870604
2020-08-25,11.047987504093458,11.198556188022613,10.831545245310334,10.991524696350098,8049800,0.0,0,0.012131581990924456,0.950972412890613,10.615573644638062,11.374640914957773,9.85650637431835,10.728029181919357,10.657451439146367,10.238681361145767,10.612330484671446,10.994914054870604
2020-08-26,10.9444722929628,10.991525233354526,10.699797720893972,10.709208488464355,5936500,0.0,0,-0.025684899564433428,0.9265467819769706,10.631571626663208,11.384276170896218,9.878867082430197,10.728029181919357,10.709208371653485,10.238681361145767,10.612330484671446,11.395423889160156
2020-08-27,10.728029653880728,11.06681012339838,10.699798247241004,11.010346412658691,6175600,0.0,0,0.0281195313844822,0.952600843291963,10.676271724700928,11.406901185153611,9.945642264248246,10.728029181919357,10.709208371653485,10.241033984899358,10.612330484671446,11.986648559570312
2020-08-28,11.057398488861924,11.095040660585177,10.94447197369217,11.019756317138672,4964800,0.0,0,0.0008546420001065425,0.9534149759819772,10.716266584396362,11.429769963301768,10.002763205490956,10.728029181919357,10.709208371653485,10.285733398215077,10.612330484671446,11.815003395080566
2020-08-31,11.029167864411257,11.038577734912405,10.85036686298598,10.878599166870115,7327600,0.0,0,-0.012809462043096076,0.9412022430358167,10.753908777236939,11.415861317862946,10.091956236610931,10.728029181919357,10.709208371653485,10.297496883717695,10.612330484671446,12.120153427124023
2020-09-01,10.775082086192112,11.029167426294814,10.699797740412096,10.944472312927246,5897400,0.0,0,0.0060552967387328405,0.9469015019085595,10.797667837142944,11.383341652523967,10.211994021761921,10.728029181919357,10.709208371653485,10.309260206742984,10.612330484671446,12.43483829498291
2020-09-02,10.888008870351074,11.142094216649292,10.822135290552373,11.095041275024414,6862800,0.0,0,0.01375753510923694,0.9599285325660557,10.838133192062378,11.387025824307976,10.289240559816779,10.728029181919357,10.709208371653485,10.269264862878067,10.612330484671446,12.196439743041992
2020-09-03,11.223776795834432,11.547997269152368,10.937699051691707,10.994914054870604,7846700,0.155,0,-0.009024501817690656,0.9512656557790602,10.877826929092407,11.344533708173865,10.41112015001095,10.949802917135838,10.709209130992413,10.269264862878067,10.891092518864466,12.349014282226562
2020-09-04,11.29052782400389,11.433566239948156,10.98537871830089,11.252384185791016,6025100,0.0,0,0.02341720268439529,0.9735416364471426,10.91063208580017,11.385818368616013,10.435445802984328,11.12389749502317,10.765671865371148,10.121048880843569,11.160562163898227,11.910364151000977
2020-09-08,11.042593845924712,11.0998097585998,10.756516101381449,10.842339515686035,7351300,0.0,0,-0.036440692331031976,0.9380651052019229,10.91164231300354,11.386149813132256,10.437134812874824,11.12389749502317,10.808019759593805,10.123402197932037,11.160562163898227,11.681499481201172
2020-09-09,10.947235849439712,11.01398790861078,10.804197411560384,10.9281644821167,6218900,0.0,0,0.00791572393637896,0.9454905696090515,10.896711063385009,11.348629230927619,10.444792895842399,11.123897504782231,10.808019759593805,10.0739960603165,11.239544775180551,11.95804214477539
2020-09-10,11.023523341016826,11.242849052974664,10.708837160886118,10.71837329864502,6968100,0.0,0,-0.019197293728053788,0.9273397094271617,10.87176079750061,11.304603193203139,10.43891840179808,11.123897504782231,10.817429861614478,10.038706774700064,11.239544775180551,11.891290664672852
2020-09-11,10.746980309025364,11.033057129119133,10.680228262842924,10.98537826538086,6161100,0.0,0,0.024910959834697488,0.9504406316818218,10.87427659034729,11.309163705419005,10.439389475275574,11.114112765997646,10.817429861614478,10.038706774700064,11.239544775180551,11.767324447631836
2020-09-14,11.099810783439867,11.519390847271154,11.052131003377724,11.500319480895996,6420700,0.0,0,0.04687514649704094,0.9949926755286473,10.895481586456299,11.403720786032263,10.387242386880335,11.114112765997646,10.817429861614478,9.99635882471866,11.31148430311158,12.339478492736816
2020-09-15,11.557534459575212,11.576606735317256,11.214241680963887,11.424031257629396,7992800,0.0,0,-0.006633574257943642,0.988392317729418,10.917577409744263,11.475519988190932,10.359634831297594,11.12841749908009,10.920946377372074,10.064585196205947,11.31148430311158,12.196439743041992
2020-09-16,11.424030207583549,11.748251590068008,11.347742930459685,11.528925895690918,8277100,0.0,0,0.009181928488813274,0.997467665309702,10.959033823013305,11.567579943261633,10.350487702764978,11.214239926455466,11.002876882942054,10.25279650198691,11.31148430311158,13.159567832946776
2020-09-17,11.347743149999491,11.55753362085688,11.29052814575772,11.471710205078123,8007100,0.0,0,-0.004962794550893879,0.9925174382156101,10.99527678489685,11.634852155426659,10.355701414367042,11.214239926455466,11.002876882942054,10.55393495614418,11.31148430311158,13.140495300292969
2020-09-18,11.366814960642502,11.5003181474538,11.26192018420109,11.35727882385254,12367600,0.0,0,-0.009975093441161653,0.982616984027427,11.041796159744262,11.643029855752966,10.440562463735558,11.214239926455466,11.002876882942054,10.58216632333355,11.31148430311158,12.730451583862305
2020-09-21,10.985379113931184,11.204704814200053,10.661157722737116,10.78512477874756,8490600,0.0,0,-0.050377740476296395,0.9331149606184922,11.06488356590271,11.58285212001735,10.54691501178807,11.204704656402562,11.002876882942054,10.603340270444876,11.31148430311158,12.301336288452148
2020-09-22,10.775587786501235,10.937698469235498,10.470437784604728,10.527653694152832,8993700,0.0,0,-0.023872796085037784,0.9108388974397489,11.048277330398559,11.611327639532128,10.48522702126499,11.109344687336367,11.002876882942054,10.605692894198468,11.31148430311158,12.139225006103516
2020-09-23,10.584870467114577,10.832803670270994,10.241576800655356,10.251112937927246,7301300,0.0,0,-0.026268033149606684,0.8869129510878504,11.011256742477418,11.674067331555987,10.348446153398848,10.994914195361682,10.994914195361682,10.673919141390375,11.31148430311158,12.587411880493164
2020-09-24,10.308329460850151,10.527655174558204,10.117610341814782,10.260649681091309,6390500,0.0,0,0.0009303129544868671,0.8877380576957496,10.988828802108765,11.718728236120398,10.258929368097132,10.932930965941395,10.932930965941395,10.673919141390375,11.31148430311158,12.682771682739258
2020-09-25,10.165288231735095,10.53718935341418,10.108073234194308,10.489509582519531,6619100,0.0,0,0.02230462091011387,0.9075387185401341,10.962786960601807,11.724578911817906,10.200995009385709,10.928162412131158,10.928162412131158,10.697445169606208,11.184441678101518,13.121424674987791
2020-09-28,10.775589086118918,10.994914795437596,10.708837032025986,10.97584342956543,9044400,0.0,0,0.04636383076062578,0.949615690095244,10.960591316223145,11.721962278676193,10.199220353770096,10.928162412131158,10.928162412131158,10.789198023458475,11.024462631233298,13.37889289855957
2020-09-29,10.880483154330731,11.03305770890952,10.670692687076858,10.842339515686035,7784100,0.0,0,-0.012163430968756161,0.9380651052019228,10.95877833366394,11.721104053644712,10.196452613683167,10.832803427525594,10.928162412131158,10.749203427485007,10.873892764281063,12.52066135406494
2020-09-30,10.937699051691707,11.166560883239455,10.823268135917834,10.994914054870604,9507000,0.0,0,0.014072104914611083,0.9512656557790599,10.961300420761109,11.72375528344087,10.198845558081349,10.804195690824054,10.928162412131158,10.749203404192588,10.69979827664983,13.045138359069824
2020-10-01,11.004450191872449,11.118881107646322,10.851875637507284,10.994914054870604,7672700,0.0,0,0.0,0.9512656557790599,10.956294059753418,11.716457219290222,10.196130900216614,10.65638902419718,10.928162412131158,10.692740310532862,10.69979827664983,12.444375038146973
2020-10-02,10.813733113341906,11.471711174204644,10.775589470819662,11.395423889160156,8072300,0.0,0,0.03642682719399093,0.9859172454377021,10.976319551467896,11.76048409386294,10.19215500907285,10.789892204199475,10.928162412131158,10.718618776786421,10.69979827664983,14.51366901397705
2020-10-05,11.557532434153387,11.996184695770156,11.538461071169705,11.986648559570312,8103500,0.0,0,0.0518826395718861,1.037069234530453,11.01303277015686,11.907707149016806,10.118358391296914,11.05212896498223,11.05212896498223,10.718618776786421,10.69979827664983,14.523204803466797
2020-10-06,12.17736840862716,12.39669409846491,11.748251346916682,11.815003395080566,9982500,0.0,0,-0.014319696088253342,1.0222187182694995,11.061665964126586,12.018236110549132,10.10509581770404,11.252383666329608,11.252383666329608,10.718618776786421,10.600987070544658,14.179911613464355
2020-10-07,12.024793870668764,12.329943905675917,11.95804272679976,12.120153427124023,7868600,0.0,0,0.025827333420023635,1.048619901934435,11.121265411376953,12.1812612564997,10.061269566254206,11.252383666329608,11.252383666329608,10.718618776786421,10.58216598429792,13.750795364379885
2020-10-08,12.234583960325171,12.444374432208544,12.082009402379482,12.43483829498291,10066200,0.0,0,0.02596376933270861,1.0758460271859482,11.207088661193847,12.394463474139034,10.01971384824866,11.557533559642701,11.276223833201426,10.718618776786421,10.558640573916826,14.208518981933594
2020-10-09,12.453909979439969,12.520661118024895,12.110616330909334,12.196439743041992,6694500,0.0,0,-0.019171825663153563,1.055220094712343,11.267641735076904,12.525814682085777,10.00946878806803,11.595676902550878,11.314367176109602,10.718618776786421,10.478649886186995,14.885567665100098
2020-10-12,12.186903594886507,12.377621783105376,12.129688593128874,12.349014282226562,5145200,0.0,0,0.012509760421816063,1.0684206452894804,11.310076475143433,12.65216618003298,9.967986770253885,11.648125294422279,11.314367176109602,10.829506024064125,10.478649886186995,14.895105361938477
2020-10-13,12.291801505914467,12.301336734989734,11.87222050645125,11.910364151000977,6629100,0.0,0,-0.035521064370045874,1.0304692067738668,11.334393119812011,12.701523743209329,9.967262496414694,11.648125294422279,11.314367176109602,10.94478468019716,10.398660781295948,14.694849967956545
2020-10-14,11.910361293593436,12.005720836798211,11.681499481201172,11.681499481201172,7819800,0.0,0,-0.019215589624148488,1.0106681333761784,11.342021799087524,12.715164074601454,9.968879523573595,11.648125294422279,11.314367176109602,10.965958627308488,10.398660781295948,14.742530822753906
2020-10-15,11.576605756351968,12.015258057746948,11.538462117509626,11.95804214477539,7103800,0.0,0,0.023673558691609253,1.0345942447493985,11.366338396072388,12.765071774621848,9.967605017522928,12.0295610945973,11.314367176109602,10.965958632188018,10.398660781295948,14.408773422241213
2020-10-16,11.958041803387262,12.034329078894034,11.700572475905922,11.891290664672852,6503400,0.0,0,-0.00558214123134726,1.0288189935580683,11.393038988113403,12.810527578999062,9.975550397227744,12.02956161776726,11.314367176109602,10.970663683198355,10.398660781295948,14.675779342651367
2020-10-19,12.015258565288184,12.053402205741769,11.748252172696985,11.767324447631836,6513300,0.0,0,-0.010424958949939667,1.0180935977833072,11.442148971557618,12.83969134927232,10.044606593842916,12.02956161776726,11.314367176109602,10.965771313806062,10.398660781295948,15.34329319000244
2020-10-20,12.15829643618382,12.749523291009496,12.091545295782623,12.339478492736816,16365500,0.0,0,0.04862227158359067,1.0675956211922422,11.532740211486816,12.916087554747548,10.149392868226084,12.14399270425956,11.428798262601902,10.965771313806062,10.398660781295948,15.019072532653809
2020-10-21,12.349014293759582,12.520661118024895,12.139223831814869,12.196439743041992,9093300,0.0,0,-0.011591960695828352,1.0552200947123431,11.630006551742554,12.907639693034142,10.352373410450966,12.14399270425956,11.428798262601902,11.024681938226081,10.398660781295948,14.895105361938477
2020-10-22,12.225047338453155,13.17863919722588,12.148760062504625,13.159567832946776,15865600,0.0,0,0.07896797017787449,1.1385486836826813,11.774952459335328,13.056080837479927,10.493824081190729,12.358550657367754,11.643356215710094,11.10855840469876,10.480591286865927,14.561348915100098
2020-10-23,13.283534621939651,13.388429396947716,12.978384614743025,13.140495300292969,9295300,0.0,0,-0.001449328191922561,1.1368985529775437,11.907501745224,13.177610800003862,10.637392690444138,12.463445757228671,11.74825131557101,11.10855840469876,10.480591286865927,15.133503913879396
2020-10-26,12.959313410008669,12.98792091092295,12.654164308480183,12.730451583862305,9455600,0.0,0,-0.03120458605708132,1.1014221042429848,11.995232152938843,13.237603958875482,10.752860347002205,12.463445757228671,11.74825131557101,11.10855840469876,10.480591286865927,15.419580459594728
2020-10-27,12.69230976766482,12.701844996393955,12.301336288452148,12.301336288452148,8385100,0.0,0,-0.03370778268024066,1.064295607313949,12.068181991577148,13.196087397949798,10.940276585204499,12.463445757228671,11.74825131557101,11.103790769672308,10.480591286865927,15.434024810791016
2020-10-28,12.043866357388524,12.33947935064598,12.0057227160193,12.139225006103516,9612100,0.0,0,-0.013178347339452445,1.050269950128912,12.125397539138794,13.138832478449302,11.111962599828285,12.544500936426818,11.74825131557101,11.05611078513921,10.48529653437311,15.568818092346191
2020-10-29,12.053400968938051,12.701842790112115,11.9389700593191,12.587411880493164,8177400,0.0,0,0.036920550872424185,1.089046495252425,12.205022430419922,13.091687163102488,11.318357697737355,12.56834078482235,11.74825131557101,10.994914195361682,10.61233892673625,15.376254081726074
2020-10-30,12.539732360764184,12.730451456730949,12.396693948205158,12.682771682739258,7247900,0.0,0,0.007575806937236473,1.0972969012461313,12.269389820098876,13.09585447927041,11.442925160927343,12.663699728133409,11.74825131557101,10.932930965941395,10.61233892673625,15.356998443603516
2020-11-02,12.911634203746624,13.15956831435745,12.606485088789356,13.121424674987791,7507400,0.0,0,0.034586524398726004,1.135248587293727,12.326128625869751,13.220915915466355,11.431341336273148,12.663699728133409,12.029561042012286,10.928162412131158,10.65939098316792,15.279973030090332
2020-11-03,13.407501307765042,13.493323807133391,13.21678221739265,13.37889289855957,8472900,0.0,0,0.019621971695083396,1.1575244029404879,12.404323101043701,13.377558114016725,11.431088088070677,12.716146933226245,12.082008247105126,10.928162412131158,10.65939098316792,15.260717391967772
2020-11-04,12.987921151800371,12.987921151800371,12.291799523674046,12.52066135406494,10892800,0.0,0,-0.06414817361958491,1.083271326571755,12.424348497390747,13.389736517645797,11.458960477135697,12.716146933226245,12.134456638976527,10.880482919828376,10.65939098316792,14.962242126464844
2020-11-05,12.558806239149938,13.33121522074866,12.558806239149938,13.045138359069824,10522900,0.0,0,0.04188892185272697,1.1286483945158192,12.454863500595092,13.457911921455471,11.451815079734713,12.716146933226245,12.134456638976527,10.866179051477605,10.65939098316792,14.586740493774414
2020-11-06,13.016529658302517,13.083281712716104,12.377622983733383,12.444375038146973,10748100,0.0,0,-0.04605265995551222,1.0766711337938475,12.467260265350342,13.463254312217902,11.471266218482782,12.716146933226245,12.134456638976527,10.79227571816417,10.73938194471635,14.80819034576416
2020-11-09,13.5791484764188,14.87603404613914,13.569612339131774,14.51366901397705,22576700,0.0,0,0.16628347904068042,1.2557037557037622,12.575493001937867,13.91285370376762,11.238132300108113,13.40750205272912,13.207247558654423,10.859027308165317,10.791138877223464,15.020009994506836
2020-11-10,14.67578027771108,14.732995284813562,14.303879093880376,14.523204803466797,10973000,0.0,0,0.0006570212866616743,1.2565287798010005,12.706135034561157,14.254389283696462,11.157880785425853,13.40750205272912,13.207248081824382,11.05212896498223,10.915105430074538,14.981497764587402
2020-11-11,14.55181278630216,14.5804202890078,13.960585910360912,14.179911613464355,8738700,0.0,0,-0.02363756448029264,1.226827499747111,12.831055641174316,14.431328123786834,11.230783158561799,13.583916784906592,13.207248081824382,11.252383666329608,11.115360131421916,14.692651748657228
2020-11-12,13.874762421353884,14.04640834611964,13.531468752990156,13.750795364379885,8837100,0.0,0,-0.0302622654345045,1.1897009203074143,12.920693302154541,14.51609847354261,11.325288130766472,13.583916784906592,13.207248081824382,11.252383666329608,11.115360131421916,14.962242126464844
2020-11-13,13.922442138747686,14.275271033504264,13.893833726896212,14.208518981933594,6048300,0.0,0,0.0332870648878536,1.2293025720388262,13.036554718017578,14.652757216572384,11.420352219462773,13.583916784906592,13.207248081824382,11.416878696422064,11.139200298293733,14.856331825256348
2020-11-16,14.847424029490856,15.057214480049682,14.656705851444656,14.885567665100098,9783800,0.0,0,0.047650897607793175,1.2878799430280452,13.192466878890992,14.889331836563695,11.495601921218288,13.674507001861864,13.297838298779654,11.45502203933024,11.177343641201908,15.347369194030762
2020-11-17,14.609027610188386,14.923712864288657,14.47552532627682,14.895105361938477,9589100,0.0,0,0.0006407345055936542,1.2887051321466052,13.320248222351074,15.123676990450154,11.516819454251994,13.717418731891533,13.297838298779654,11.48124623526594,11.177344400540836,15.356998443603516
2020-11-18,14.952320198806872,15.143038383094504,14.666242467667407,14.694849967956545,7031300,0.0,0,-0.013444375794322672,1.2713792960619539,13.445168733596802,15.266141063654661,11.624196403538942,13.760330683413944,13.340750250302065,11.48124623526594,11.233807134919573,15.366626739501951
2020-11-19,14.56134876174488,14.761602187873546,14.332486014396498,14.742530822753906,5775800,0.0,0,0.0032447323314857,1.2755045815694677,13.524316883087158,15.425482555528781,11.623151210645535,14.33725356804233,13.340750250302065,11.48124623526594,11.276155029142227,15.164433479309082
2020-11-20,14.589956394282591,14.609027759572356,14.284806364901348,14.408773422241213,6150000,0.0,0,-0.022639084464220027,1.2466283256128168,13.58773078918457,15.518157839063452,11.65730373930569,14.33725356804233,13.421805429500214,11.671964135353452,11.276155029142227,15.337740898132324
2020-11-23,14.647170931506755,14.818817760710097,14.570883653953288,14.675779342651367,5890300,0.0,0,0.01853078763789906,1.2697293303781376,13.684997177124023,15.628977274617595,11.741017079630451,14.33725356804233,13.445645277895744,11.671964396938431,11.285565131162901,15.520678520202637
2020-11-24,15.162110227127569,15.476795468524912,14.9427845356029,15.34329319000244,12374000,0.0,0,0.045484047679233974,1.3274817597807786,13.837095022201538,15.800364075844225,11.873825968558851,14.504132110757535,13.707882763922006,11.671964396938431,11.285565131162901,15.356998443603516
2020-11-25,15.143039589672313,15.152575727000531,14.885569338307086,15.019072532653809,6104400,0.0,0,-0.021131099649447482,1.299430610432027,13.981087398529052,15.843932266619792,12.118242530438312,14.685314597710562,13.707882763922006,11.78639548343073,11.399996217655202,15.645844459533691
2020-11-27,15.01907241801072,15.209790616038749,14.78067444312166,14.895105361938477,3711100,0.0,0,-0.008253983090221295,1.2887051321466052,14.096472072601319,15.883242751064762,12.309701394137877,14.880800916713131,13.707882763922006,11.78639548343073,11.428798262601902,16.608665466308594
2020-11-30,15.209790796070726,15.219326933439028,14.53274050299519,14.561348915100098,12087700,0.0,0,-0.02240712225448427,1.2598289587006148,14.19040093421936,15.862669552104961,12.518132316333759,14.880800916713131,13.707882763922006,12.000953436538925,11.643356215710094,17.003421783447266
2020-12-01,14.961857074401095,15.305149843941557,14.876034564078086,15.133503913879396,8931100,0.0,0,0.0392927195217454,1.3093310646202108,14.29100489616394,15.935494658252372,12.646515134075509,14.880800916713131,13.707882763922006,12.10584853639984,11.74825131557101,16.916767120361328
2020-12-02,14.999999531632168,15.45772318822834,14.885568617483123,15.419580459594728,9168800,0.0,0,0.01890352342347912,1.3340820350693479,14.393039274215699,16.051822169858074,12.734256378573326,14.880800916713131,13.707882763922006,12.10584853639984,11.74825131557101,17.21524429321289
2020-12-03,15.443653243358982,15.539933896167186,15.212575452817095,15.434024810791016,14249700,0.155,0,0.0009367538393236785,1.3353317415376718,14.538707447052001,16.013841943570903,13.063572950533098,14.912370130534267,13.739451977743144,12.10584853639984,11.74825131557101,17.58111572265625
2020-12-04,15.578446524232929,15.742126193436247,15.405138423142876,15.568818092346191,16112100,0.0,0,0.008733514634558182,1.346993880844381,14.66489143371582,16.034252586190263,13.295530281241374,15.137433348215719,13.840548126377673,12.146376125998914,11.74825131557101,17.484832763671875
2020-12-07,15.511049373802802,15.530304401185782,15.26071565346794,15.376254081726074,7397600,0.0,0,-0.012368569629237602,1.3303334932390003,14.811485385894775,15.756805900099675,13.866164871689875,15.137433348215719,14.016962858555146,12.15829605019668,11.74825131557101,17.956615447998047
2020-12-08,15.279972818617075,15.501422179116506,15.18369124649296,15.356998443603516,8927000,0.0,0,-0.0012522970822550494,1.3286675204869909,14.853651857376098,15.817330388332936,13.88997332641926,15.137433348215719,14.016962858555146,12.20597552185221,11.74825131557101,17.552230834960938
2020-12-09,15.482165528032535,15.51105082646563,15.135550210796424,15.279973030090332,9757800,0.0,0,-0.005015655487369375,1.3220033819469708,14.891490268707276,15.859765223291793,13.923215314122759,15.137433348215719,14.016962858555146,12.346630385072848,11.74825131557101,17.735164642333984
2020-12-10,15.1451780323296,15.29923020577453,15.020012076121075,15.260717391967772,10552500,0.0,0,-0.0012601879652955894,1.3203374091949611,14.945530557632447,15.867991317564236,14.023069797700657,15.137433348215719,14.016962858555146,12.399077590165685,11.80069852066385,17.475204467773438
2020-12-11,15.010383372409558,15.068152132968905,14.78893400835102,14.962242126464844,8628300,0.0,0,-0.019558403306782046,1.2945137176448944,15.006102895736694,15.746069077302536,14.266136714170852,15.265530100893635,14.059874588584815,12.425301786101386,11.80069852066385,17.128589630126953
2020-12-14,15.231830757126971,15.231830757126971,14.509714872916003,14.586740493774414,8948800,0.0,0,-0.02509661516747219,1.2620258050441469,15.025013971328736,15.698097145005194,14.351930797652278,15.125920533176124,14.059874588584815,12.425301786101386,11.80069852066385,17.080446243286133
2020-12-15,14.721536289798458,14.837074725013442,14.519343798617768,14.80819034576416,8566800,0.0,0,0.015181585775400741,1.2811853580541936,15.021145105361938,15.698311429751229,14.343978780972648,15.125920533176124,14.636797473213202,12.425301786101386,11.80069852066385,17.06119155883789
2020-12-16,14.827445033942611,15.048894371304357,14.760047848675804,15.020009994506836,9109200,0.0,0,0.014304222446955839,1.2995117184115836,15.027390336990356,15.70206417405034,14.352716499930372,15.125920533176124,14.636797473213202,13.307374805691772,12.492053640166723,17.09007453918457
2020-12-17,15.02963808836974,15.04889495245693,14.721535608717252,14.981497764587402,10842000,0.0,0,-0.0025640615374769027,1.296179690396904,15.041722726821899,15.699310151020892,14.384135302622905,15.020009637050894,14.636797473213202,13.307375067276752,12.492053640166723,16.51238250732422
2020-12-18,14.962241427855036,15.039267050482982,14.538600503401335,14.692651748657228,15145100,0.0,0,-0.019280182827443038,1.2711891089888332,15.039228773117065,15.70174957689539,14.37670796933874,15.010382849690817,14.636797473213202,13.395582433365487,12.492053640166723,16.955280303955078
2020-12-21,14.798562441183543,15.135550244578663,14.59636994279005,14.962242126464844,10235700,0.0,0,0.0183486536276376,1.2945137176448946,15.066902208328248,15.664121030502944,14.469683386153552,15.010382849690817,14.81797996016623,13.395582433365487,12.492053640166723,16.377588272094727
2020-12-22,15.029639021714388,15.077780266704128,14.846703392614824,14.856331825256348,6277600,0.0,0,-0.007078504699584043,1.2853504962108693,15.075929832458495,15.654181905985148,14.497677758931843,14.904472539345267,15.013466279168798,13.395582433365487,12.492053640166723,16.676061630249023
2020-12-23,14.981497953928342,15.48216448969122,14.942985143485044,15.347369194030762,5870900,0.0,0,0.03305239641589264,1.3278344103449953,15.076133632659912,15.654769384606464,14.497497880713361,14.99593968130361,15.013466279168798,13.486172650320759,12.582643857121994,17.099702835083008
2020-12-24,15.414768121452289,15.424396554130062,15.10666470328864,15.356998443603516,2588200,0.0,0,0.000627420208050955,1.328667520486991,15.093029928207397,15.683755156576655,14.502304699838138,14.99593968130361,15.013466279168798,13.507628515335593,12.582643857121994,17.658140182495117
2020-12-28,15.491793608545272,15.59770453062232,15.318485494759464,15.366626739501951,4884100,0.0,0,0.0006269646984593535,1.329500548118326,15.116605997085571,15.711520252101234,14.521691742069908,15.058524164620044,15.013466279168798,13.550540466858005,12.625555808644407,18.27434539794922
2020-12-29,15.405138772631448,15.405138772631448,15.116292237001044,15.164433479309082,4173000,0.0,0,-0.013157946999070691,1.3120070503709496,15.14676022529602,15.683762481435892,14.60975796915615,15.068152517011828,15.013466279168798,13.839001909172197,12.625555808644407,18.226205825805664
2020-12-30,15.212574041018424,15.405138083417588,15.20294560934402,15.337740898132324,3726300,0.0,0,0.011428545554287295,1.32700138271366,15.156972074508667,15.700376877564931,14.613567271452403,15.068152517011828,15.125920533176124,13.879529498771273,12.625555808644407,18.81352806091309
2020-12-31,15.308856681318185,15.539933548472018,15.183690733606577,15.520678520202637,4764700,0.0,0,0.011927285985942504,1.342828907709027,15.162026977539062,15.71699358157407,14.607060373504055,15.068152517011828,15.125920533176124,13.891449422969037,12.625555808644407,18.82315444946289
2021-01-04,15.665101861767164,15.684358727122715,15.135550001321963,15.356998443603516,7872800,0.0,0,-0.010545935629429182,1.3286675204869909,15.158175659179687,15.706496193774289,14.609855124585085,15.140364334956383,15.125920533176124,14.10600743733977,12.79243435135961,18.755756378173828
2021-01-05,15.376254781331951,15.81915256891516,15.328113537812897,15.645844459533691,7444800,0.0,0,0.018808754652865467,1.3536581018950617,15.162026977539062,15.722906337467544,14.60114761761058,15.332927980764993,15.164433720915582,14.196598680816283,12.79243435135961,18.620962142944336
2021-01-06,16.07911454833389,16.839742330684953,16.07911454833389,16.608665466308594,13449500,0.0,0,0.06153844934769337,1.4369601224326258,15.223647546768188,16.068092042092836,14.379203051443538,15.891363737084998,15.674728601800478,14.294341840317568,12.79243435135961,18.832782745361328
2021-01-07,16.81085681410107,17.263383941133938,16.79160178631497,17.003421783447266,9326900,0.0,0,0.023768093706231452,1.4711139252747223,15.305968713760375,16.45598691583748,14.155950511683267,16.18502432221129,15.88654940702497,14.294341840317568,12.79243435135961,19.468242645263672
2021-01-08,17.07081835570434,17.080446787467725,16.57015092262176,16.916767120361328,7526900,0.0,0,-0.0050963073309335805,1.4636166765927063,15.387808418273925,16.73685854981049,14.03875828673736,16.189838089067493,15.88654940702497,14.294341840317568,12.79243435135961,19.275680541992188
2021-01-11,16.704950171906614,17.263386460793804,16.522013607970973,17.21524429321289,9390700,0.0,0,0.017643866037046152,1.4894405331640947,15.485534763336181,17.051825500990343,13.919244025682021,16.189839348897422,15.886550666854903,14.294341840317568,12.79243435135961,18.92906379699707
2021-01-12,17.330781984726798,17.64851291432269,17.118961977141446,17.58111572265625,7801600,0.0,0,0.021252758497746438,1.521095253112186,15.616478443145752,17.409930746790234,13.82302613950127,16.392031457822327,16.079113893619347,14.325911054138706,12.824003565180746,19.612667083740234
2021-01-13,17.475204331344425,17.571486818183253,17.186358707263633,17.484832763671875,8682400,0.0,0,-0.005476498790136453,1.5127649767988347,15.761383056640625,17.664790818760377,13.857975294520875,16.392031457822327,16.079113893619347,14.488990737296696,12.925099713815278,19.940025329589844
2021-01-14,17.648512950359063,18.014384207196418,17.504090134145258,17.956615447998047,7244000,0.0,0,0.026982396154591193,1.5535830006916118,15.91880431175232,17.995678353744104,13.841930269760537,16.57496710425919,16.26204954005621,14.577198103385433,12.925099713815278,20.469579696655277
2021-01-15,17.62925646101291,17.802564578738796,17.39817958285699,17.552230834960938,9273200,0.0,0,-0.022520090949666893,1.5185961702181803,16.045415353775024,18.19592821552993,13.894902492020119,16.671248872504655,16.26204954005621,14.577198103385433,12.925099713815278,21.384260177612305
2021-01-19,17.63888216555244,17.7640499362991,17.369293434286718,17.735164642333984,9750100,0.0,0,0.010422253962651506,1.534423365170904,16.183098697662352,18.39589969328149,13.970297702043215,17.046749377765153,16.26204954005621,14.577198103385433,13.206409440256554,20.527347564697266
2021-01-20,17.677397875357066,17.715909768531844,17.311524789800288,17.475204467773438,7854900,0.0,0,-0.014657894629296009,1.5119319491674992,16.322226333618165,18.491702612013107,14.152750055223224,17.268198907583695,16.26204954005621,14.577198103385433,13.206409440256554,19.863000869750977
2021-01-21,17.44632054526146,17.55222962601586,16.984164984345732,17.128589630126953,8286100,0.0,0,-0.01983466564214953,1.4819432844820783,16.43054370880127,18.532135955679717,14.328951461922824,17.268198907583695,16.26204954005621,14.662702344739225,13.258857832127955,20.527347564697266
2021-01-22,17.16710028996023,17.54259993459099,16.955280307221056,17.080446243286133,7702600,0.0,0,-0.002810703501013423,1.4777779813040812,16.541749429702758,18.52946837037521,14.554030489030307,17.268198907583695,16.26686400290709,14.59289756088047,13.258857832127955,20.32515525817871
2021-01-25,16.81085781830825,17.128590587640137,16.560525914214367,17.06119155883789,9305300,0.0,0,-0.0011272939930249137,1.4761120910627326,16.627440547943117,18.54771546322468,14.707165632661553,17.28745506070539,16.276492355298878,14.881359003194664,13.258857832127955,20.209617614746094
2021-01-26,17.273011062538348,17.35966510852511,17.01304892457806,17.09007453918457,8197400,0.0,0,0.0016929052257030897,1.478611008935416,16.714094352722167,18.550946981252338,14.877241724191995,17.28745506070539,16.276492355298878,14.881359003194664,13.640293632302976,19.65187644958496
2021-01-27,16.618293422459256,16.99379308675895,16.47387061591596,16.51238250732422,10037100,0.0,0,-0.033802780118705966,1.4286298461192741,16.771382141113282,18.503973774767783,15.038790507458781,17.24412741155619,16.276492355298878,14.828403555132049,13.640294155472937,20.282365798950195
2021-01-28,16.71457502689239,17.070817808541275,16.5894072544159,16.955280303955078,10431800,0.0,0,0.026822161879692885,1.466948787118046,16.86092448234558,18.427506257220607,15.294342707470554,17.138217597327376,16.305377074993235,14.82359016145201,13.640294155472937,20.6800594329834
2021-01-29,16.897510747361608,17.051561987176658,16.262048924015623,16.377588272094727,11010100,0.0,0,-0.03407151173582168,1.416967624301904,16.9129168510437,18.334670736672283,15.49116296541512,17.01304943015736,16.43054379990562,14.914181404928524,13.640294155472937,20.38906478881836
2021-02-01,16.6182928768156,16.704946925183513,16.310190409923283,16.676061630249023,6484600,0.0,0,0.018224500042100633,1.4427911508306492,16.97068600654602,18.246351460630763,15.69502055246128,16.988979346273734,16.47868467534073,14.958969409257033,13.640294155472937,20.864355087280277
2021-02-02,16.916766313178645,17.26338249437944,16.743458222578248,17.099702835083008,6677900,0.0,0,0.025404152025052085,1.479444036566751,17.057821226119994,18.0939130809966,16.02172937124339,16.90713927501574,16.56052445524253,15.004702980236203,13.640294155472937,20.79645729064941
2021-02-03,17.090075552429102,17.667768614446224,17.041935229109185,17.658140182495117,8066500,0.0,0,0.03265772234745379,1.5277593091415442,17.158436012268066,17.996478093462425,16.320393931073706,16.964908769230924,16.56533822209873,15.004702980236203,13.640294155472937,21.2038516998291
2021-02-04,17.754422920182655,18.409141610762187,17.70628075973672,18.27434539794922,8473600,0.0,0,0.034896382579687524,1.5810725824830267,17.2417200088501,18.17173710961842,16.311702908081777,17.335595267388904,16.762716923881616,15.03599522189442,13.640294155472937,20.81585693359375
2021-02-05,18.46691112865796,18.534308319626888,18.197320528346527,18.226205825805664,6505300,0.0,0,-0.002634270672642325,1.5769076093476728,17.302859210968016,18.319864178348436,16.285854243587597,17.398178621821256,16.834929160474424,15.040809398090314,13.640294155472937,20.311466217041016
2021-02-08,18.32248900423034,18.823154657326263,18.29360370568343,18.81352806091309,6693600,0.0,0,0.03222405369064041,1.6277219648164716,17.397697257995606,18.593192614606917,16.202201901384296,17.542601790670943,16.979352329324115,15.097036525093976,13.721349334671086,20.55396270751953
2021-02-09,18.707616929422706,18.83278288220553,18.534308812926653,18.82315444946289,6400900,0.0,0,0.0005116737551102979,1.6285548274264847,17.478092765808107,18.822405288351593,16.13378024326462,17.547415903110576,16.984166441763747,15.097036525093976,13.745189183066616,20.81585693359375
2021-02-10,18.89055259382117,19.063858865763724,18.64021886354546,18.755756378173828,7591600,0.0,0,-0.0035805938622038846,1.622723634007139,17.536824798583986,18.99323831432106,16.08041128284691,17.662953894889675,17.19598620178831,15.133142434066254,13.840548126377673,20.44726181030273
2021-02-11,18.72687306253568,18.880924307521788,18.28397435587383,18.620962142944336,5560500,0.0,0,-0.0071868194761983695,1.611061412189769,17.593631267547607,19.12503217234794,16.062230362747275,17.687024637843503,17.571486707048805,15.248680850840287,13.87906131411713,19.826473236083984
2021-02-12,18.59207743785157,19.05423302396148,18.52468024557856,18.832782745361328,5460400,0.0,0,0.011375384407687816,1.62938785505782,17.63743963241577,19.256466878505904,16.018412386325636,17.903658544170987,17.662953894889675,15.783046169442738,14.389356195002026,19.457876205444336
2021-02-16,19.073486127706907,19.564525125836543,19.0349742373391,19.468242645263672,8479400,0.0,0,0.03374222006882466,1.6843670186406512,17.73324022293091,19.538891079703582,15.927589366158236,18.303230177472862,17.913287024926085,16.03578686461813,14.601177000226519,19.32208251953125
2021-02-17,19.391218055653635,19.70894897287611,19.15051275968401,19.275680541992188,6377100,0.0,0,-0.00989108810590733,1.6677067960565921,17.81026601791382,19.738326189828285,15.882205845999353,18.707614866306415,17.985498948445866,16.038193748046233,14.601177000226519,20.13686752319336
2021-02-18,19.04460314385221,19.15051222233084,18.688358507781505,18.92906379699707,6136700,0.0,0,-0.017982075612843373,1.6377179663498498,17.882958984375,19.86448132493465,15.901436643815353,18.95313475061132,17.985498948445866,16.038195007876162,14.601178260056452,20.369665145874023
2021-02-19,19.063857501018813,19.6608074053165,19.063857501018813,19.612667083740234,8363400,0.0,0,0.03611395122729788,1.6968624331106776,18.007162857055665,20.09376702332899,15.92055869078234,18.99646166437497,17.985498948445866,16.23557267572084,14.793741486820895,19.71007537841797
2021-02-22,19.53564220562197,20.18073061943869,19.526013773655738,19.940025329589844,11219100,0.0,0,0.01669116415691385,1.7251850425334283,18.15014181137085,20.353089840063067,15.947193782678635,19.23235248765626,18.221389771727157,16.23557267572084,14.793741486820895,20.282365798950195
2021-02-23,20.13259189678585,20.48883656211884,19.959283780485244,20.469579696655277,12472000,0.0,0,0.02655735678929183,1.771001397235538,18.32056121826172,20.683507609998312,15.957614826525127,19.386405458996336,18.375442743067232,16.4185083221577,15.153091865435233,20.03986930847168
2021-02-24,20.527349808828728,21.490171108202954,20.527349808828728,21.384260177612305,11766600,0.0,0,0.04468486869354171,1.850138362127087,18.535270500183106,21.178897420175158,15.891643580191054,19.88707273203839,18.876110016109287,16.466649206280433,15.153091865435233,20.4278621673584
2021-02-25,21.692362164522702,21.769387786594457,20.440693510312084,20.527347564697266,11435000,0.0,0,-0.04007211873582428,1.775999398002227,18.73601875305176,21.343850674349554,16.128186831753965,20.147034016086508,19.01571835530504,16.65439945891068,15.153091865435233,20.35996437072754
2021-02-26,20.31552801640081,20.48883612903813,19.728206487226718,19.863000869750977,12723700,0.0,0,-0.03236398140833485,1.7185209865040691,18.88140478134155,21.397545308465148,16.365264254217955,20.228873147187983,19.01571835530504,16.765124223819953,15.153091865435233,20.44726181030273
2021-03-01,20.344411023613468,20.671770376527345,20.267385401541716,20.527347564697266,7944800,0.0,0,0.03344644141651387,1.775999398002227,19.08889274597168,21.420648433411646,16.757137058531715,20.228873147187983,19.01571835530504,16.765124223819953,15.196003595464902,20.486061096191406
2021-03-02,20.527346820119696,20.63325773529009,20.29626996228616,20.32515525817871,7403500,0.0,0,-0.009849899305367837,1.7585059827655112,19.271347427368163,21.377145589384476,17.16554926535185,20.228873147187983,19.01571835530504,16.767531455245393,15.196003595464902,20.418161392211918
2021-03-03,20.604374176378087,20.912476679462983,20.199989181970217,20.209617614746094,11910000,0.0,0,-0.005684465479599554,1.7485098162108113,19.42684316635132,21.313924356573914,17.539761976128723,20.416622643806633,19.01571835530504,16.781973708002134,15.772926480093286,20.592761993408203
2021-03-04,20.175666857864343,20.408464650541507,19.27358327415553,19.65187644958496,16952500,0.155,0,-0.027597808914215816,1.7002547764183946,19.52652997970581,21.2290627658581,17.82399719355352,20.521485530374996,19.01571835530504,16.781973708002134,15.772926480093286,20.77705764770508
2021-03-05,20.107768378570505,20.32116604796688,19.16688454108825,20.282365798950195,15265900,0.0,0,0.032082908264902565,1.7548038944371884,19.62693099975586,21.25675832965896,17.99710366985276,20.468136163841354,19.01571835530504,16.76030988342753,15.772926480093286,20.214466094970703
2021-03-08,20.56366238425952,21.19415164012409,20.3017662494842,20.6800594329834,13417600,0.0,0,0.019607852356838373,1.789211830114518,19.749623680114745,21.306224511208516,18.193022849020974,20.468136163841354,19.01571835530504,16.721797336160307,15.772926480093286,20.592761993408203
2021-03-09,20.418163125704627,20.699459382923298,19.904072773004973,20.38906478881836,9513300,0.0,0,-0.014071267305011737,1.7640353521876873,19.82840051651001,21.346099394958937,18.31070163806108,20.468136163841354,19.039789098258872,16.72179661503149,15.954108967046315,20.340564727783203
2021-03-10,20.40846329461357,20.883755210397386,20.292064406008475,20.864355087280277,8383100,0.0,0,0.023311039686458424,1.8051568502908502,19.93046054840088,21.438426876817882,18.42249421998388,20.18051809060617,19.256423004586352,16.733832010807234,16.149595286048882,20.563663482666016
2021-03-11,20.738256919103492,21.048653350388825,20.60245975235829,20.79645729064941,6163600,0.0,0,-0.003254248518434144,1.7992824212852498,20.03249559402466,21.48318050712607,18.581810680923248,20.18051809060617,19.40566150785182,16.733831865129133,16.149595286048882,20.27266502380371
2021-03-12,21.08745280102234,21.26205022418361,20.90315531545236,21.2038516998291,7792600,0.0,0,0.01958960622407857,1.8345296554041346,20.161640071868895,21.544251602222666,18.779028541515125,20.21446738263593,19.73783427316559,16.765123495664827,16.149595286048882,19.39967918395996
2021-03-15,21.03895467233242,21.116553322733505,20.641261357764623,20.81585693359375,10244700,0.0,0,-0.01829831540646354,1.800960853147039,20.26079378128052,21.526241000598,18.99534656196304,20.21446738263593,19.983354157470494,17.04915609563526,16.346973987831767,19.93317222595215
2021-03-16,20.6412609370481,20.670359274044312,20.09806854521424,20.311466217041016,11756600,0.0,0,-0.024231081053344594,1.7573216247405323,20.302954959869385,21.514435449451906,19.091474470286865,20.21446738263593,20.026681071234144,17.116553891147838,16.40955734226412,19.68097496032715
2021-03-17,20.55396270751953,20.7964587220251,20.27266644264614,20.55396270751953,9633900,0.0,0,0.011938896379379393,1.7783021055235522,20.366869068145753,21.485142687145203,19.248595449146304,20.21446738263593,20.026681071234144,17.26097705999753,16.66643476512113,20.01077079772949
2021-03-18,20.922555771681907,21.53364676242601,20.74795834575502,20.81585693359375,10846900,0.0,0,0.012741787547294159,1.8009608531470391,20.461208724975585,21.376262063277974,19.546155386673195,20.718859767715493,20.026681071234144,17.26579117243716,16.671248877560767,20.476362228393555
2021-03-19,20.38906329070869,20.786756566446886,19.962269830124683,20.44726181030273,35973000,0.0,0,-0.017707420091659043,1.7690704827517318,20.50293846130371,21.3304281284362,19.67544879417122,20.718859767715493,20.026681071234144,17.42947004833899,16.786786869339863,20.592761993408203
2021-03-22,20.301765168272254,20.33086350385467,19.67127594598568,19.826473236083984,9712400,0.0,0,-0.030360474667857518,1.7153606631744933,20.49726085662842,21.341691867244162,19.652829846012676,20.602461354205843,20.147034016086508,17.629255672446156,16.786786869339863,20.767356872558597
2021-03-23,19.61307347895974,19.89436969351732,19.331779114499604,19.457876205444336,9890500,0.0,0,-0.018591154677414123,1.6834701277578645,20.44667568206787,21.406358305567107,19.486993058568633,20.432712938462807,20.228873147187983,17.78330621953033,16.786786869339863,21.291149139404297
2021-03-24,19.73917596070637,20.030170438220384,19.32208251953125,19.32208251953125,7892600,0.0,0,-0.006978854448415617,1.6717214347679867,20.343566799163817,21.321305416815832,19.3658281815118,20.42786464097863,20.228873147187983,18.108258601199474,17.037119999376273,21.14565086364746
2021-03-25,19.30268071348312,20.20476610536092,19.069884781723943,20.13686752319336,7907200,0.0,0,0.04216859144652263,1.7422155729631126,20.324042797088623,21.30191845591333,19.346167138263915,20.301765772074976,20.228873147187983,18.34655690737614,17.109331922896057,21.14565086364746
2021-03-26,20.447263796235347,20.5054623214819,20.00107201918217,20.369665145874023,6685400,0.0,0,0.011560766460450234,1.7623569203258986,20.349376010894776,21.303885898620695,19.394866123168857,20.301765772074976,20.416622643806633,18.469316849528592,17.109331922896057,21.650043487548828
2021-03-29,20.020469974913095,20.059270224523853,19.45787930624125,19.71007537841797,7028900,0.0,0,-0.03238098234470277,1.705290072003761,20.30851240158081,21.298748965060533,19.318275838101087,20.301765772074976,20.4196362841592,18.490980306410417,17.109331922896057,21.814939498901367
2021-03-30,20.00107139397002,20.46666328158405,19.971971207207503,20.282365798950195,7129800,0.0,0,0.029035425260669934,1.7548038944371886,20.306372928619385,21.296641661962408,19.316104195276363,20.301765772074976,20.4196362841592,18.72687112969171,17.34522274617735,21.999237060546875
2021-03-31,20.22416678665058,20.4472626628106,20.010769122412597,20.03986930847168,9146800,0.0,0,-0.01195602588387723,1.733823413654169,20.297885513305665,21.29428322070324,19.301487805908092,19.928320674085413,20.4196362841592,18.880924101031784,17.49927571751742,22.20293426513672
2021-04-01,20.02046882042657,20.47636247657506,19.97197036130753,20.4278621673584,8297600,0.0,0,0.01936104736584765,1.767392050889943,20.336684799194337,21.288397695913343,19.384971902475332,19.78767355160292,20.4196362841592,19.38159137407384,17.99994299055948,21.970138549804688
2021-04-05,20.689759085744942,20.844956381035765,20.253265536428465,20.35996437072754,8978200,0.0,0,-0.0033237837652612123,1.7615176218843434,20.340564727783203,21.2919897466526,19.389139708913806,19.957420581379854,20.301765772074976,19.581376185695774,18.13955132975523,21.76644325256348
2021-04-06,20.292064524653565,20.54426057635786,20.21446588182898,20.44726181030273,6360600,0.0,0,0.004287700999158206,1.7690704827517316,20.32892484664917,21.268956645555622,19.388893047742716,19.957420581379854,20.301765772074976,19.62229575124651,18.13955132975523,21.23295021057129
2021-04-07,20.4181606680683,20.612158191082187,20.321163756658848,20.486061096191406,4987000,0.0,0,0.0018975296667411712,1.772427346475309,20.333774662017824,21.27601975271707,19.39152957131858,19.957420581379854,20.301765772074976,19.62229575124651,18.13955132975523,21.88283920288086
2021-04-08,20.389063057796086,20.47636176123869,19.991369786600902,20.418161392211918,5412400,0.0,0,-0.003314434320031978,1.7665527524483882,20.311464977264404,21.222691323938175,19.400238630590632,20.151417843638505,20.301765772074976,19.62229575124651,18.144365792606113,22.55212783813477
2021-04-09,20.61216211942644,20.680060710392425,20.35996603148289,20.592761993408203,6675600,0.0,0,0.00855124013579811,1.7816589692471294,20.301280212402343,21.19478697477144,19.407773450033247,20.151417843638505,20.301765772074976,19.716170499555837,18.153994144997895,22.6976261138916
2021-04-12,20.80615783415159,20.854656294798097,20.592760167072537,20.77705764770508,6555800,0.0,0,0.008949535489987781,1.7976039894234617,20.27994050979614,21.103087296983546,19.456793722608737,20.413313328052816,20.301765772074976,19.768601942840018,18.153994144997895,22.193235397338867
2021-04-13,20.621859436619733,20.660657833392325,20.078668931120227,20.214466094970703,9252700,0.0,0,-0.02707753726603912,1.7489293004102673,20.24987096786499,21.035180449985024,19.464561485744955,20.413313328052816,20.301765772074976,19.741927259573195,18.153994144997895,21.989538192749023
2021-04-14,20.15627025858494,20.777059490385767,20.107769943539346,20.592761993408203,9291900,0.0,0,0.018714117734309976,1.7816589692471294,20.26393575668335,21.063258108602007,19.46461340476469,20.413313328052816,20.301765772074976,19.741927259573195,18.182878864692253,21.844038009643555
2021-04-15,20.59276080112506,20.621860988467567,19.933171355476777,20.340564727783203,9283100,0.0,0,-0.01224688877119684,1.7598391900225545,20.253265857696533,21.04233861165202,19.464193103741046,20.39391382513744,20.301765772074976,19.753962631050115,18.30804558960464,22.07683563232422
2021-04-16,20.612161947208552,20.718860789319525,20.38906605015636,20.563663482666016,5956700,0.0,0,0.010968169166811759,1.7791414039651068,20.240656185150147,21.00057617263385,19.480736197666445,20.39391382513744,20.301765772074976,19.71847054759626,18.35618646503975,22.183534622192383
2021-04-19,20.56366133090282,20.670358311751286,20.23386662624908,20.27266502380371,6321600,0.0,0,-0.014151100026879915,1.753964595995633,20.231926345825194,20.986079334097123,19.477773357553264,20.39391382513744,20.301765772074976,19.793089799228994,18.438026244941547,21.785839080810547
2021-04-20,20.0883669069437,20.195065734486707,19.292980356416955,19.39967918395996,9068200,0.0,0,-0.04306221401175969,1.6784349971938193,20.210586643218996,21.031385311807483,19.389787974630508,20.073818325607526,20.301765772074976,19.97615082790076,18.44284001179775,22.14473342895508
2021-04-21,19.225084287242115,19.94287228882325,19.118385445757816,19.93317222595215,6896300,0.0,0,0.02750009610639803,1.7245921209249913,20.234351444244385,20.990943681939935,19.477759206548836,19.986520870277957,20.301765772074976,20.098910770053212,18.44284001179775,22.66852760314941
2021-04-22,20.08836643757791,20.14656680584019,19.65187477619601,19.68097496032715,8567600,0.0,0,-0.012652138995550843,1.7027723417004164,20.25229606628418,20.93404101938365,19.570551113184713,19.986520870277957,20.301765772074976,20.120574226935037,18.452468893958212,22.707324981689453
2021-04-23,18.516996273491955,20.127169701613184,18.516996273491955,20.01077079772949,11971500,0.0,0,0.01675708840985468,1.7313058483721455,20.245991230010986,20.93426161850473,19.55772084151724,19.64702788193886,20.025321517958982,20.120574226935037,18.452468893958212,22.91102409362793
2021-04-26,20.175665865187693,20.69945809779331,20.117467344930716,20.476362228393555,8653800,0.0,0,0.023267041303421054,1.7715882130550746,20.251326084136963,20.94503990063834,19.557612267635587,19.64702788193886,19.685826284145026,20.37277041947482,18.452468893958212,22.55212783813477
2021-04-27,20.573361867389966,20.670360647383305,20.330865842455538,20.592761993408203,6626000,0.0,0,0.005684592004982392,1.7816589692471285,20.295460414886474,20.95705037293866,19.633870456834288,19.617928531405738,19.685826284145026,20.37277041947482,18.548750662203677,22.40077018737793
2021-04-28,20.660658042682314,20.88375576425068,20.621859645516697,20.767356872558597,7530100,0.0,0,0.008478458557734214,1.7967646909819057,20.319709968566894,21.012756510319118,19.62666342681467,19.700376018871317,19.700376018871317,20.374747685146176,18.924251167464174,22.098058700561523
2021-04-29,21.038953082138143,21.31054741296506,20.92255419028545,21.291149139404297,7674500,0.0,0,0.025221903300454374,1.8420825162715222,20.382273960113526,21.181934188717783,19.58261373150927,19.91377184322851,19.91377184322851,20.330793042825395,19.01571835530504,21.98087882995605
2021-04-30,21.038953879676946,21.417247054867595,20.96135523219943,21.14565086364746,8753100,0.0,0,-0.006833744613979342,1.8294941947974461,20.41816339492798,21.285142303196494,19.551184486659466,19.967121664179775,19.967121664179775,20.328368894083304,19.01571835530504,21.814876556396484
2021-05-03,21.397846930473797,21.514245826738907,20.92255498341183,21.14565086364746,6154100,0.0,0,0.0,1.8294941947974461,20.457447719573974,21.380341717333433,19.534553721814515,20.01562105011543,20.01562105011543,20.265319459631478,19.01571835530504,21.385217666625977
2021-05-04,21.009854168838345,21.66944361238193,20.825556683119345,21.650043487548828,8167200,0.0,0,0.02385325602667976,1.873133588225274,20.51758680343628,21.578085803888364,19.457087802984198,20.09321994293694,20.09321994293694,20.359194207940803,19.01571835530504,20.78955841064453
2021-05-05,21.679142333665915,22.057435494020453,21.436646338546826,21.814939498901367,5449500,0.0,0,0.00761642864354406,1.8874001765398174,20.58403072357178,21.786908372907142,19.381153074236416,20.287215883756204,20.287215883756204,20.360701028117088,19.01571835530504,21.01415061950684
2021-05-06,21.92163841580464,22.018637184256843,21.582143651270744,21.999237060546875,5657300,0.0,0,0.008448227035183331,1.903345361737471,20.663084506988525,22.012538878880537,19.313630135096513,21.087451419475585,20.287215883756204,20.360701028117088,19.01571835530504,20.68214225769043
2021-05-07,21.553044879018238,22.22233439011882,21.514246479151776,22.20293426513672,5183900,0.0,0,0.009259284948347268,1.9209689787969133,20.74359312057495,22.25131850884007,19.23586773230983,21.276600116287177,20.369665331805386,20.173978479122304,19.01571835530504,20.799318313598636
2021-05-10,22.40663211606547,22.56182941738091,21.97013854980469,21.970138549804688,6131500,0.0,0,-0.010484907650137432,1.900827796455449,20.80324716567993,22.40412060911994,19.202373722239923,21.591844531448803,20.53941284543643,20.10365491788106,19.01571835530504,20.89696884155273
2021-05-11,21.785841528070726,22.30963381882041,21.562745633905998,21.76644325256348,7200300,0.0,0,-0.009271461660537383,1.8832043444173285,20.88084602355957,22.510549906679,19.25114214044014,21.693693050250126,20.53941284543643,20.129593176727415,19.01571835530504,19.35411071777344
2021-05-12,22.02833683361157,22.14473573337008,21.174751685740908,21.23295021057129,6789700,0.0,0,-0.02450988596537751,1.8370472206861563,20.912855434417725,22.54383004973451,19.28188081910094,21.693693050250126,20.53941284543643,20.129593176727415,19.01571835530504,18.87562561035156
2021-05-13,21.15535118024428,22.03803649970218,21.09715265646072,21.88283920288086,7776900,0.0,0,0.030607569172653504,1.8932747705667388,20.989969158172606,22.65130746940557,19.328630846939642,21.693693050250126,20.53941284543643,20.129593176727415,19.01571835530504,19.39316940307617
2021-05-14,21.941038736563755,22.610326359689708,21.92163861267956,22.55212783813477,8138400,0.0,0,0.030585091315106894,1.9511807523091105,21.089392375946044,22.871732976480384,19.307051775411704,21.717941521404526,20.56366131659083,20.226591807856742,19.01571835530504,19.41269874572754
2021-05-17,22.426031767377435,22.726726301060005,22.280532681633154,22.6976261138916,6069400,0.0,0,0.006451642913747557,1.963769073783186,21.21064043045044,23.082902899476966,19.338377961423912,21.911939478760363,20.62186128727598,20.226591807856742,19.01571835530504,19.549409866333008
2021-05-18,22.687927510425997,22.804326416486784,22.164137058397056,22.193235397338867,6208600,0.0,0,-0.022222179272044396,1.9201298453766795,21.350318241119385,23.070373087386212,19.63026339485256,21.950739536473755,20.66066134498937,20.357539550063898,19.01571835530504,19.842357635498047
2021-05-19,21.9216396061748,22.018638379894146,21.51424623663172,21.989538192749023,5702900,0.0,0,-0.009178346507074386,1.9025062283172371,21.45313653945923,23.063228679825663,19.843044399092797,21.950739536473755,20.66066134498937,20.357539550063898,19.01571835530504,20.11577606201172
2021-05-20,21.95073498124948,22.0768339250985,21.64034042730955,21.844038009643555,4270500,0.0,0,-0.0066167912136256835,1.8899177418218396,21.561289691925047,22.954488861577875,20.16809052227222,21.950739536473755,20.66066134498937,20.357539550063898,19.01571835530504,19.86188507080078
2021-05-21,21.989536926015525,22.3387317512503,21.911938281529757,22.07683563232422,6461900,0.0,0,0.010657261380789151,1.9100590891846256,21.664592933654784,22.87517310132654,20.45401276598303,21.950739536473755,20.66066134498937,20.34783979860621,19.039789098258872,19.588468551635746
2021-05-24,22.1932328339876,22.309631726604145,22.018637270209236,22.183534622192383,4063600,0.0,0,0.0048330744335451925,1.9192905469351245,21.749951553344726,22.847685989000112,20.65221711768934,21.950739536473755,20.66066134498937,20.34783979860621,19.256423004586352,19.70564842224121
2021-05-25,22.222332607402823,22.52302712011218,21.766440807482358,21.785839080810547,5569200,0.0,0,-0.01792751011752569,1.8848824462364735,21.809605407714844,22.768845577555265,20.850365237874424,21.950739536473755,20.66066134498937,20.34783979860621,19.40566150785182,19.94977188110352
2021-05-26,21.931337626718147,22.18353367486955,21.75674022029813,22.14473342895508,5005700,0.0,0,0.01647374456468187,1.915933518190226,21.878474235534668,22.71754254255644,21.039405928512895,22.159286326559254,20.66066134498937,20.187792048841253,19.73783427316559,19.783767700195312
2021-05-27,22.48423011935696,22.697625939997152,22.32903282250996,22.66852760314941,8693800,0.0,0,0.02365321650291108,1.9612515085011635,21.947343158721925,22.80833927063293,21.086347046810918,22.159286326559254,20.66066134498937,20.144143321176465,19.983354157470494,19.119752883911133
2021-05-28,22.71702504356862,22.755823440987644,22.27083144761521,22.707324981689453,7593700,0.0,0,0.0017115085381482764,1.9646082072034194,22.025426864624023,22.864169259938336,21.18668446930971,22.159286326559254,20.66066134498937,20.144143321176465,20.026681071234144,18.973278045654297
2021-06-01,23.037121206187205,23.095319731207045,22.81402531852969,22.91102409362793,4862400,0.0,0,0.008970634458384419,1.9822319892841833,22.113695526123045,22.934707114554936,21.292683937691155,22.30478298391938,21.60639353806888,19.83617469994892,20.026681071234144,18.524089813232425
2021-06-02,22.911022729601807,22.94012106533046,22.329031963759448,22.55212783813477,8820400,0.0,0,-0.01566478451711717,1.95118075230911,22.158799743652345,22.971962400405054,21.345637086899636,22.367830079258297,21.71309278683129,19.666427083041945,20.026681071234144,19.402936935424805
2021-06-03,22.439828974172816,22.898782290984077,22.322650751273883,22.40077018737793,9401100,0.155,0,-0.006711457643517771,1.9380854853351404,22.188091278076172,22.991642915967724,21.38453964018462,22.426029975752588,21.85858968836187,19.65187740777538,20.026681071234144,19.559175491333008
2021-06-04,22.34218220387646,22.34218220387646,21.89299585178395,22.098058700561523,8759500,0.0,0,-0.01351344102387042,1.9118952814298447,22.193032360076906,22.993047457688014,21.393017262465797,22.426029975752588,21.960438207163193,19.700376018871317,20.143192030043206,19.256460189819336
2021-06-07,22.11758738565752,22.15664803729473,21.824639948435983,21.98087882995605,6187200,0.0,0,-0.005302722388120684,1.9017570315172643,22.18192958831787,22.987290512613498,21.376568664022244,22.426029975752588,21.960438207163193,19.91377184322851,20.143192030043206,19.0416316986084
2021-06-08,21.72699194559292,21.892996003498038,21.258275262983616,21.814876556396484,10307200,0.0,0,-0.007552121771097431,1.8873947308362051,22.17416648864746,22.990581693553132,21.35775128374179,22.17679749709533,21.960438207163193,19.967121664179775,20.143192030043206,19.266225814819336
2021-06-09,21.648871486714597,21.648871486714597,21.336393712912283,21.385217666625977,5509500,0.0,0,-0.01969568283642309,1.8502212028305192,22.155105209350587,23.025337242079495,21.28487317662168,22.17679749709533,21.960438207163193,20.01562105011543,20.143192030043206,18.56315040588379
2021-06-10,21.736756931832048,21.795346051051244,20.760262919777677,20.78955841064453,6833200,0.0,0,-0.027853785042882162,1.798685539165095,22.13293561935425,23.11293910814951,21.152932130558987,21.92779132549236,21.92779132549236,20.09321994293694,20.143192030043206,17.713600158691406
2021-06-11,20.887205360772665,21.12156368938064,20.809085917903342,21.01415061950684,5695000,0.0,0,0.010803125512628187,1.818116964802445,22.089501190185548,23.181841765569217,20.997160614801878,21.92779132549236,21.92779132549236,20.287215883756204,20.287215883756204,18.46550178527832
2021-06-14,20.965324536034192,21.07273946705135,20.496607884801094,20.68214225769043,6615700,0.0,0,-0.01579927582265528,1.7893920333976823,21.99600191116333,23.226876320547017,20.76512750177964,21.718364475065776,21.795963808004068,20.687333651615894,20.287215883756204,18.787744522094727
2021-06-15,20.711433717871,21.043441776727796,20.5161360648762,20.799318313598636,6459600,0.0,0,0.005665566673328293,1.7995299532676192,21.90108652114868,23.19284277730161,20.60933026499575,21.697695087892583,21.795963808004068,20.823132724046282,20.369665331805386,18.514324188232425
2021-06-16,20.604021420006266,21.111798689033478,20.33060246071909,20.89696884155273,7344900,0.0,0,0.00469489078833174,1.8079785498685423,21.836273193359375,23.19209329352649,20.48045309319226,21.336392332297777,21.712961095963067,21.065628688442615,20.53941284543643,18.65103530883789
2021-06-17,21.08250553904145,21.13132949387364,19.30528676294125,19.35411071777344,15610300,0.0,0,-0.07383167077855723,1.6744924727999548,21.704501819610595,23.43914855550762,19.96985508371357,20.73096740011799,21.200303247074146,21.116552947843278,20.53941284543643,18.885393142700195
2021-06-18,18.914686257456864,19.178338175361,18.70962158518235,18.87562561035156,14896400,0.0,0,-0.024722660441457323,1.6330945639831453,21.556081199645995,23.68540332801487,19.426759071277118,20.301308794340194,20.902470658194698,21.116552947843278,20.53941284543643,18.93421745300293
2021-06-21,19.08069165383461,19.510347627784608,19.02210067896609,19.39316940307617,6617700,0.0,0,0.02741862989912147,1.6778717794232663,21.421897888183594,23.735391591033782,19.108404185333406,20.252483818116797,20.902470658194698,21.116552947843278,20.53941284543643,18.95374870300293
2021-06-22,19.35410963071677,19.56893948994688,19.109986145238484,19.41269874572754,5417000,0.0,0,0.001007021711895817,1.6795614327349229,21.28335609436035,23.72744365397149,18.83926853474921,20.252483818116797,20.902470658194698,21.14080141899768,20.56366131659083,19.0709285736084
2021-06-23,19.51034921324649,19.72517908019343,19.4615252594028,19.549409866333008,4119900,0.0,0,0.007042355233352504,1.6913895009804807,21.171534633636476,23.717088867578497,18.625980399694456,19.920475539527995,20.902470658194698,21.26690038301817,20.62186128727598,18.797508239746094
2021-06-24,19.647059954448665,19.949772570709623,19.47129073774408,19.842357635498047,5243700,0.0,0,0.01498499295723188,1.716734960740609,21.056415843963624,23.623899106735966,18.488932581191282,19.920475539527995,20.902470658194698,21.305700440731563,20.66066134498937,18.66080093383789
2021-06-25,19.998595966644157,20.223189131708025,19.871652570634183,20.11577606201172,7740700,0.0,0,0.01377953323573422,1.7403907671890813,20.92877826690674,23.414641961152974,18.442914572660506,19.920475539527995,20.902470658194698,21.305700440731563,20.66066134498937,19.1588134765625
2021-06-28,20.008358775892333,20.008358775892333,19.66658555566924,19.86188507080078,6225300,0.0,0,-0.012621486261740866,1.7184244490309437,20.786506271362306,23.17150932987262,18.401503212851992,19.920475539527995,20.902470658194698,21.305700440731563,20.66066134498937,18.82680320739746
2021-06-29,20.12554135360238,20.20366079684114,19.52011427161613,19.588468551635746,6591500,0.0,0,-0.013765889702331835,1.6947688076037934,20.620378494262695,22.84619097026269,18.3945660182627,19.920475539527995,20.902470658194698,21.305700440731563,20.66066134498937,19.08069229125977
2021-06-30,19.529879211336876,19.774002701478583,19.51034888512208,19.70564842224121,6498900,0.0,0,0.005982084321527026,1.7049070575163732,20.478054523468018,22.54856327199679,18.407545774939244,19.466405358445186,20.902470658194698,21.305700440731563,20.66066134498937,19.49081802368164
2021-07-01,19.93024155491934,20.027891323325804,19.725178717528745,19.94977188110352,4718700,0.0,0,0.012388501694101661,1.7260283014867006,20.3555046081543,22.23572832472358,18.475280891585015,19.622644905337058,20.902470658194698,21.305700440731563,20.66066134498937,19.42246437072754
2021-07-02,19.91071109450784,19.998595699229742,19.637293979830275,19.783767700195312,4125900,0.0,0,-0.008321106722300242,1.711665835784319,20.239790058135988,21.95246063450212,18.527119481769855,19.666587638473253,20.902470658194698,21.409973835774313,20.66066134498937,19.715412139892575
2021-07-06,19.61776505883218,19.68611934239721,19.090457392734173,19.119752883911133,7910700,0.0,0,-0.033563617726749984,1.6542161379961162,20.09673376083374,21.675091157467982,18.518376364199497,19.6568232622211,20.902470658194698,21.409973835774313,20.66066134498937,20.13530540466309
2021-07-07,18.973278045654297,19.16857572122492,18.79750883388064,18.973278045654297,6788600,0.0,0,-0.007660916913842075,1.6415433256053913,19.954653835296632,21.392676433431504,18.51663123716176,19.510348982794333,20.902470658194698,21.409973835774313,20.66066134498937,20.30131149291992
2021-07-08,18.47526586007336,18.895158562293236,18.37761609124081,18.524089813232425,10783700,0.0,0,-0.023674782572680186,1.6026801442880494,19.811597442626955,21.22055181371696,18.40264307153695,19.300402611474418,20.658868578285634,21.95558826099413,20.8061580023495,20.01812744140625
2021-07-09,18.96351388281138,19.41270023658108,18.81704015277841,19.402936935424805,8324500,0.0,0,0.047443471234121626,1.6787168536110773,19.74226636886597,21.08618061937785,18.39835211835409,19.290638444040976,20.63819919111244,22.040461433044793,20.8061580023495,19.852123260498047
2021-07-12,19.13928277331292,19.637294936835733,18.953748391801007,19.559175491333008,5436100,0.0,0,0.00805231478245716,1.6922344101469697,19.669517612457277,20.879642518326794,18.45939270658776,19.290638444040976,20.359899147558636,22.14230983205723,20.8061580023495,19.471290588378903
2021-07-13,19.43222940033982,19.598233447774227,19.09045614238493,19.256460189819336,7071300,0.0,0,-0.015476894803045815,1.6660438761990308,19.598233509063725,20.725630550352058,18.470836467775392,19.202753707283307,20.26713206426777,22.19323409145789,20.8061580023495,19.344343185424805
2021-07-14,19.25645969342086,19.60799810539977,18.74868426363556,19.0416316986084,9286300,0.0,0,-0.011156177671974965,1.6474571947068486,19.510349178314208,20.51571040254218,18.504987954086236,19.202753707283307,20.135306047369426,22.19323409145789,20.8061580023495,19.2076358795166
2021-07-15,18.856098267943413,19.432229866233744,18.758448497255912,19.266225814819336,10422800,0.0,0,0.011794898660252517,1.6668887853655199,19.428812026977543,20.208019325962677,18.649604727992408,19.188105895235275,20.086481071146025,22.06861785212926,20.8061580023495,19.559175491333008
2021-07-16,19.42246427130623,19.44199459751261,18.49479612667585,18.56315040588379,8739800,0.0,0,-0.03649263824130777,1.606059615932683,19.389264011383055,20.25599684411601,18.5225311786501,19.031867716819008,20.086481071146025,22.06861785212926,20.8061580023495,19.87165260314941
2021-07-19,18.07490374993081,18.192081984241547,17.59642192438067,17.713600158691406,10147200,0.0,0,-0.04576541312314686,1.5325576341091212,19.331162738800053,20.450068459972655,18.21225701762745,18.616858430608204,19.363875709127157,21.92779132549236,20.8061580023495,20.12554168701172
2021-07-20,17.733131269640584,18.690094963070404,17.59642270272619,18.46550178527832,8121200,0.0,0,0.042447702321991576,1.597611184353081,19.28477935791016,20.46545172933108,18.104106986489242,18.616858430608204,19.363875709127157,21.92779132549236,20.8061580023495,20.438018798828125
2021-07-21,18.64127079315067,19.070928678899143,18.61197530235605,18.787744522094727,8446200,0.0,0,0.017451068514873214,1.6254912065913543,19.25353164672852,20.452147487575004,18.054915805882032,18.616858430608204,19.363875709127157,21.757164141534922,20.8061580023495,20.06694984436035
2021-07-22,18.80727348742205,18.88539292803641,18.416676284350256,18.514324188232425,10334600,0.0,0,-0.014553121772587163,1.6018352351215606,19.20177736282349,20.434104463479798,17.96945026216718,18.616858430608204,19.363875709127157,21.746829447948326,20.8061580023495,20.428253173828125
2021-07-23,18.72915475239526,19.25646053077889,18.52409004898563,18.65103530883789,8420900,0.0,0,0.007384072959701005,1.613663303367118,19.142211246490483,20.359849385426333,17.924573107554632,18.60221001489022,19.363875709127157,21.524676714130422,20.8061580023495,19.86188507080078
2021-07-26,18.836569190204145,19.061162351709005,18.699858770689293,18.885393142700195,5664200,0.0,0,0.012565406154759318,1.6339396381709563,19.080692100524907,20.216048022861482,17.94533617818833,18.60221001489022,18.909805528044348,20.965635323596068,20.8061580023495,19.94977188110352
2021-07-27,18.621739681088663,18.99280843212268,18.524089911736844,18.93421745300293,4869200,0.0,0,0.0025852948855134006,1.6381638539607573,19.034308719635014,20.11193689443453,17.9566805448355,18.51920826094664,18.909805528044348,20.601889726267444,20.8061580023495,19.656822204589844
2021-07-28,19.031868149788306,19.188107043359043,18.592446960063537,18.95374870300293,6322600,0.0,0,0.0010315319367424358,1.639853672293735,19.002572727203372,20.049678683277993,17.95546677112875,18.51920826094664,18.909805528044348,20.577477238155748,20.8061580023495,19.73560905456543
2021-07-29,19.178341647566604,19.315052074672188,18.924452982958524,19.0709285736084,5580500,0.0,0,0.006182411323566006,1.649991922206315,18.97083673477173,19.96750992307753,17.97416354646593,18.45573699952643,18.909805528044348,20.577477238155748,20.8061580023495,19.41061782836914
2021-07-30,18.934216794576013,19.236931255291363,18.729153962331136,18.797508239746094,7369100,0.0,0,-0.014337022594729909,1.6263359507365214,18.913223552703858,19.803306865454832,18.023140239952884,18.45573738869919,18.909805528044348,20.411473098861347,20.8061580023495,19.38107681274414
2021-08-02,18.92445289829626,19.422465061740173,18.66080093383789,18.66080093383789,5606400,0.0,0,-0.007272629125340324,1.614508212533607,18.857075214385986,19.656546253085985,18.057604175685988,18.919570673045214,18.909805528044348,20.411473098861347,20.8061580023495,19.19396209716797
2021-08-03,18.8658641532884,19.207637432517583,18.377617143679423,19.1588134765625,5918800,0.0,0,0.0266876295658649,1.6575956096407505,18.859028244018553,19.6612726404532,18.056783847583908,18.9000411027098,18.900041360610906,20.411473098861347,20.8061580023495,19.36137962341309
2021-08-04,18.80727288224372,19.16857458501631,18.75844706935937,18.82680320739746,4527900,0.0,0,-0.01732937530662826,1.6288705132146666,18.85170450210571,19.652298004248944,18.05111099996248,18.9000411027098,18.900041360610906,20.411473098861347,20.8061580023495,19.20380973815918
2021-08-05,19.00257098882529,19.149046568375567,18.934216711709485,19.08069229125977,5295100,0.0,0,0.013485512174608028,1.650836666351483,18.87953462600708,19.671190225492172,18.087879026521986,18.9000411027098,18.812156623853237,20.411473098861347,20.8061580023495,19.5878849029541
2021-08-06,19.393170120317944,19.705647881116263,19.315050680118365,19.49081802368164,5425900,0.0,0,0.0214942794612194,1.6863202110028697,18.88392868041992,19.688168895451454,18.079688465388386,19.041632512397843,18.812156623853237,20.184438008319944,20.8061580023495,19.154571533203125
2021-08-09,19.363875254322885,19.695883351473302,19.16857571628813,19.42246437072754,4779500,0.0,0,-0.0035069668636303897,1.6804063419014124,18.87709312438965,19.660076233400964,18.094110015378334,19.041632512397843,18.79750881180521,20.262557781765878,20.8061580023495,19.499252319335938
2021-08-10,19.34434341907439,19.77400125172703,19.30528463202285,19.715412139892575,6795500,0.0,0,0.015082935078339021,1.7057518016615405,18.900040721893312,19.750880665191936,18.049200778594688,19.075809197703226,18.68521158805385,20.284529148333974,20.8061580023495,19.53864479064941
2021-08-11,19.78376699824839,20.22318814375242,19.578702307001706,20.13530540466309,7003500,0.0,0,0.02129771682129311,1.7420804205007385,18.954724407196046,19.96284125895446,17.946607555437634,19.30040264371592,18.909805034066544,20.2796469602079,20.8061580023495,19.52879905700684
2021-08-12,20.13530743564805,20.311074794070155,19.93024272371713,20.30131149291992,6364800,0.0,0,0.008244527953292557,1.7564430512244404,19.006478691101073,20.16943987593277,17.843517506269375,19.34434596887479,18.953748359225415,20.206409820494514,20.8061580023495,18.868974685668945
2021-08-13,20.359900721445364,20.408724677516147,19.949773157901337,20.01812744140625,5739100,0.0,0,-0.013949052090177938,1.7319423356094796,19.0792275428772,20.303264507407487,17.85519057834691,19.393170910597785,19.00257330094841,19.979635594880026,20.736467911223926,18.819734573364254
2021-08-16,19.84235809684136,19.998596990319285,19.617764920281164,19.852123260498047,4158000,0.0,0,-0.008292692780286437,1.7175798699070985,19.18615369796753,20.279654334302784,18.092653061632276,19.58358587343776,19.00257330094841,19.964418817576707,20.736467911223926,19.223506927490234
2021-08-17,19.627529477025693,19.79353352902721,19.23693225540873,19.471290588378903,4183100,0.0,0,-0.019183473078515978,1.6846307227125348,19.23644313812256,20.283797180708692,18.189089095536428,19.671470694612815,19.00257330094841,19.825268795799808,20.736467911223926,20.09013938903809
2021-08-18,19.393168996792348,19.73494036379381,19.285754074298023,19.344343185424805,4296600,0.0,0,-0.00651972206864726,1.6736473986121447,19.26427307128906,20.291631641661883,18.23691450091624,19.78865019690214,19.00257330094841,19.73494288577554,20.736467911223926,20.33634185791016
2021-08-19,19.061162160979706,19.373639923862257,18.973277557354688,19.2076358795166,11049400,0.0,0,-0.007067043041875221,1.6618196604092301,19.29893865585327,20.26720447694294,18.3306728347636,19.69100111743542,19.00257330094841,19.669029877326366,20.736467911223926,21.429481506347656
2021-08-20,19.20763705531349,19.56894065483516,19.090456955802157,19.559175491333008,10723200,0.0,0,0.01830207600880729,1.6922344101469702,19.34434566497803,20.270638980163852,18.418052349792205,19.69100111743542,19.00257330094841,19.63729348319065,20.736467911223926,21.252216339111328
2021-08-23,19.7447073444173,19.97906567302147,19.62752911137243,19.87165260314941,8818000,0.0,0,0.01597598589750704,1.7192695232187543,19.39365863800049,20.321999299760606,18.46531797624037,19.69100111743542,19.00257330094841,19.559174393982516,20.736467911223926,21.360546112060547
2021-08-24,19.891183353412934,20.15483531464002,19.88141819003201,20.12554168701172,7441500,0.0,0,0.012776445368316791,1.7412356763555707,19.453224849700927,20.408783549143298,18.497666150258556,19.69100111743542,19.002573690121167,18.99036706986768,20.34587082779386,20.986316680908203
2021-08-25,20.223188936480547,20.69190745091154,20.11577586782117,20.438018798828125,7007500,0.0,0,0.01552639509912268,1.7682707894273555,19.527438354492187,20.545508286114114,18.50936842287026,19.832592504133114,19.53476229729548,18.99036706986768,20.34587082779386,21.409786224365234
2021-08-26,20.516138028006928,20.5649619802989,19.949771613853866,20.06694984436035,6823500,0.0,0,-0.01815581823855894,1.7361663863779593,19.577239418029784,20.59858779062562,18.55589104543395,19.832592504133114,19.53476229729548,18.99036706986768,20.34587082779386,21.488571166992188
2021-08-27,20.125540575791444,20.584492054267336,20.076714761582707,20.428253173828125,7228500,0.0,0,0.018004895226730877,1.7674258802608664,19.658776664733885,20.67846844866527,18.6390848808025,19.832592504133114,19.53476229729548,18.99036706986768,20.34587082779386,21.518115997314453
2021-08-30,20.4184862676572,20.457546915689196,19.852119908792783,19.86188507080078,6570200,0.0,0,-0.027724744656726363,1.7184244490309442,19.718830871582032,20.63105703490728,18.806604708256785,19.832592504133114,19.53476229729548,18.983042862008688,20.34587082779386,21.37039375305176
2021-08-31,19.87165243888123,20.15483471849411,19.81306332284312,19.94977188110352,8323700,0.0,0,0.004424897737020039,1.726028301486701,19.758378791809083,20.637699494025163,18.879058089593002,19.832592504133114,19.53476229729548,18.75600777146728,20.34587082779386,21.518115997314453
2021-09-01,19.94000634136813,19.98883029339192,19.529878811819344,19.656822204589844,10166200,0.0,0,-0.014684362220259706,1.7006826767052508,19.7998797416687,20.56985297516312,19.02990650817428,19.89118220335685,19.53476229729548,18.714506894495493,20.34587082779386,21.68553352355957
2021-09-02,19.706064054767275,19.883330296801187,19.597734267218215,19.73560905456543,5763600,0.17,0,0.00400811734244555,1.7074992124357498,19.832625579833984,20.528886503223813,19.136364656444155,20.110893131365444,19.53476229729548,18.714506894495493,20.34587082779386,21.518115997314453
2021-09-03,19.696213830532987,19.794695275361114,19.2825932649567,19.41061782836914,7441100,0.0,0,-0.01646725091167678,1.6793813944730798,19.828615570068358,20.53366875886558,19.123562381271135,19.98725035793412,19.53476229729548,18.68277126378539,20.34587082779386,21.71507835388184
2021-09-07,19.41061993453405,19.794697423200663,19.371228479354997,19.38107681274414,5723500,0.0,0,-0.0015218998120618554,1.676825544244451,19.82654619216919,20.536635249629924,19.116457134708455,19.98725035793412,19.53476229729548,18.682771458371768,20.34587082779386,21.39993667602539
2021-09-08,19.174265430531225,19.321988551929287,18.967456065977963,19.19396209716797,6932800,0.0,0,-0.009654505649197676,1.6606366225548241,19.80047369003296,20.561978172518213,19.038969207547705,19.77597406012265,19.53476229729548,18.91468810054478,20.34587082779386,21.784015655517575
2021-09-09,19.17426505082447,19.61743064948764,19.09548026421518,19.36137962341309,5652400,0.0,0,0.00872240579603023,1.6751213690564963,19.76177740097046,20.529988850498928,18.99356595144199,19.77597406012265,19.725177260135453,18.900041231660353,20.34587082779386,22.089305877685547
2021-09-10,19.509100546512435,19.57803699887825,19.18411307223253,19.20380973815918,10883300,0.0,0,-0.0081383604019295,1.661488627638141,19.706902313232423,20.46983241373705,18.943972212727797,19.71250149083358,19.813062081310512,18.900041231660353,20.34587082779386,22.2271785736084
2021-09-13,19.450012001241262,19.64697489944024,19.282594101285355,19.5878849029541,13102000,0.0,0,0.019999946366461963,1.6947183110793904,19.685390186309814,20.43603706696936,18.93474330565027,19.561145392236035,19.82968175844475,18.856098863281517,20.34587082779386,22.47338104248047
2021-09-14,19.676520074711465,19.7060650760408,19.04624174003984,19.154571533203125,9267600,0.0,0,-0.022121498666026307,1.6572286022215574,19.650512599945067,20.43147447486753,18.869550725022602,19.478143179684942,19.82968175844475,18.92689456812554,20.34587082779386,23.162748336791992
2021-09-15,19.223506508376683,19.578037105092505,19.193961509326424,19.499252319335938,6663700,0.0,0,0.017994700927417284,1.6870499352868962,19.65191068649292,20.43167035581703,18.872151017168807,19.425393181389573,19.82968175844475,18.919570662101528,20.34587082779386,22.92639541625977
2021-09-16,19.5681897883981,19.78484747008968,19.44016334319783,19.53864479064941,6693900,0.0,0,0.00202020419390192,1.6904581206414848,19.66162576675415,20.430463023054717,18.89278851045358,19.381076744589315,19.82968175844475,18.880510392878538,20.34587082779386,23.724092483520508
2021-09-17,19.4303175964491,19.74545676753175,19.4303175964491,19.52879905700684,13530200,0.0,0,-0.0005039107751876326,1.6896062805794902,19.677683925628664,20.420625756306148,18.93474209495118,19.381076744589315,19.82968175844475,19.10510383889123,20.34587082779386,23.85211753845215
2021-09-20,18.937911140792203,18.99700114093573,18.52429053167513,18.868974685668945,10156100,0.0,0,-0.033787247716144275,1.6325191346347978,19.64317388534546,20.465695075471885,18.82065269521903,19.154569000882404,19.608098991293335,19.149047164050103,20.34587082779386,23.714242935180664
2021-09-21,18.95760748123792,19.046240601550267,18.672011453925343,18.819734573364254,7401300,0.0,0,-0.002609580707217174,1.628258944196892,19.5905779838562,20.480462748041333,18.700693219671066,19.154569000882404,19.608098991293335,19.197872105773097,20.268271494855565,23.01502799987793
2021-09-22,19.09548047385865,19.42046795698709,19.06593735254175,19.223506927490234,8524700,0.0,0,0.02145473160378386,1.6631928028260967,19.545476245880128,20.413259955026078,18.677692536734178,19.154569000882404,19.608098991293335,19.293079587193084,20.247602107682376,23.37940788269043
2021-09-23,19.45001276240653,20.29695062807819,19.45001276240653,20.09013938903809,12068600,0.0,0,0.045081912723663464,1.738172715605728,19.528082275390624,20.334764109907827,18.72140044087342,19.41062057987666,19.608098991293335,19.33702199778061,19.969302064128566,23.32032012939453
2021-09-24,20.099987500455374,20.45451997582628,20.06059604673497,20.33634185791016,8713600,0.0,0,0.012254891024121362,1.7594738328165773,19.541551876068116,20.392067923891158,18.691035828245074,19.489405253750704,19.608098991293335,19.395611748925276,19.8765349808377,23.783178329467773
2021-09-27,20.641631802815997,21.508266288863084,20.543152233454745,21.429481506347656,11540200,0.0,0,0.05375301300869406,1.8540508526404236,19.591613292694092,20.720742818506668,18.462483766881515,20.01627841026911,20.01627841026911,19.346787209191916,19.744708963939352,23.596065521240234
2021-09-28,21.61659715045706,21.64614027139221,21.18327988575936,21.252216339111328,8198300,0.0,0,-0.008272023155754815,1.838714101055435,19.661129856109618,21.002092403480894,18.32016730873834,20.08521540153367,20.08521540153367,19.346787209191916,19.69588398771596,24.334672927856445
2021-09-29,21.419634232272845,21.449179231567733,21.183279873046168,21.360546112060547,6598800,0.0,0,0.005097340024242891,1.8480866520358847,19.731668567657472,21.26305386496212,18.200283270352823,20.08521540153367,20.08521540153367,19.346787209191916,19.69588398771596,23.90135955810547
2021-09-30,21.47872205882594,21.47872205882594,20.97646834794456,20.986316680908203,7064600,0.0,0,-0.017519656528867777,1.8157088086566309,19.798143291473387,21.42430876005744,18.171977822889335,20.08521540153367,20.08521540153367,19.346787403778293,19.363875709127157,23.940750122070312
2021-10-01,21.10449540719093,21.577204132824203,20.927229165484075,21.409786224365234,6528600,0.0,0,0.020178364307361862,1.8523468424737903,19.88185214996338,21.6539846063002,18.10971969362656,20.159075862658774,20.08521540153367,19.683677400714295,19.363875709127157,24.12786293029785
2021-10-04,21.37039492392008,21.72492553151392,21.37039492392008,21.488571166992188,7658200,0.0,0,0.0036798565759283974,1.8591632131829676,19.985749816894533,21.876216615876682,18.095283017912383,20.395431442027835,20.124608031594526,19.683677400714295,19.363875709127157,23.970294952392575
2021-10-05,21.665837239178806,21.793861814560582,21.399937876796468,21.518115997314453,6488000,0.0,0,0.0013749090199002278,1.8617193934542395,20.092601776123047,22.074656113368302,18.11054743887779,20.621937288483558,20.159076173117857,19.683677400714295,19.363875709127157,23.80287742614746
2021-10-06,21.390088540233037,21.508266655207763,20.93707650264763,21.37039375305176,6195100,0.0,0,-0.0068650175638577116,1.8489386571192017,20.201423358917236,22.213263027404867,18.189583690429604,20.92722893064778,20.159076173117857,19.683677400714295,19.363875709127157,23.753637313842773
2021-10-07,21.5673557851434,21.705230572143968,21.390089543555177,21.518115997314453,6513100,0.0,0,0.006912471804203291,1.8617193934542398,20.309260177612305,22.360680786150432,18.25783956907418,21.168507024007663,20.159076173117857,19.683677400714295,19.144164687646104,23.586217880249023
2021-10-08,21.45902749813346,21.80370976361777,21.399937499726885,21.68553352355957,5765500,0.0,0,0.00778030596479784,1.8762041399559115,20.433346366882326,22.50263509302471,18.36405764073994,21.365469464550923,20.16400014764645,19.712972250326164,19.144164687646104,23.87181282043457
2021-10-11,21.7741670264555,22.04991284370163,21.488570997590585,21.518115997314453,5733400,0.0,0,-0.0077202401344302896,1.8617193934542395,20.529857921600343,22.61256899369529,18.447146849505394,21.488571004592853,20.28710168768838,19.82282771433046,19.144164687646104,23.88166046142578
2021-10-12,21.42948418594352,21.75447168925408,21.331002725890524,21.71507835388184,8263800,0.0,0,0.009153327205410067,1.8787603202271836,20.65788326263428,22.700677219742555,18.615089305526002,21.488571004592853,20.28710168768838,19.7610063276148,19.144164687646104,23.665002822875977
2021-10-13,21.58705124035573,21.626442692733097,20.89768297916652,21.39993667602539,8158100,0.0,0,-0.01451257383099025,1.8514946723691517,20.75291748046875,22.7470076465876,18.758827314349897,21.473797911434076,20.28710168768838,19.7610063276148,19.144164687646104,23.536975860595703
2021-10-14,21.665837533394768,21.79386211051508,21.44917983427673,21.784015655517575,7092600,0.0,0,0.017947668972426056,1.8847246858530435,20.86518602371216,22.825356243947244,18.905015803477074,21.473797911434076,20.28710168768838,19.655368178709065,19.144164687646104,23.330167770385746
2021-10-15,21.98097609187511,22.31581190403694,21.784015064847694,22.089305877685547,8112600,0.0,0,0.01401441437592088,1.9111379985851153,20.993211364746095,22.921388244712144,19.065034484780046,21.606747441601733,20.420051217856034,19.75057566012905,19.144164687646104,23.6846981048584
2021-10-18,22.03021754844924,22.43398981015959,22.00067254940551,22.2271785736084,5749900,0.0,0,0.006241603818892827,1.9230665648155154,21.161121559143066,22.892990200543174,19.429252917742957,21.665836394663057,20.47914017091736,19.762781786072047,19.144164687646104,24.21649742126465
2021-10-19,22.335508138389343,22.493077708315614,22.177938568463077,22.47338104248047,5120600,0.0,0,0.01107664061170599,1.944367682026365,21.343803882598877,22.79437966618984,19.893228099007914,21.695380343741068,20.508684119995372,19.695413575340392,19.144164687646104,24.206647872924805
2021-10-20,22.365050309715524,23.172596669291657,22.27641907397328,23.162748336791992,8524800,0.0,0,0.030674836732774713,2.0040108432210073,21.540765953063964,22.84739364638236,20.234138259745567,22.03513982422909,20.848443600483392,19.653912469064846,19.144164687646104,23.113508224487305
2021-10-21,23.093813322400344,23.300622682609447,22.78852063107622,22.92639541625977,10913500,0.0,0,-0.010204010210515313,1.9835618961147967,21.682578754425048,22.94300665485349,20.422150853996605,22.099152830887984,20.91245660714229,19.62753746991716,19.144164687646104,23.18244743347168
2021-10-22,23.14305395730104,23.98999185213841,23.14305395730104,23.724092483520508,10312600,0.0,0,0.034793828370202506,2.0525776082898886,21.851966285705565,23.24799478848147,20.45593778292966,22.443837415652467,21.25714119190677,19.605379251517032,19.144164687646104,22.40444564819336
2021-10-25,24.078625456084083,24.11801691238252,23.69454795650324,23.85211753845215,8650500,0.0,0,0.00539641526943857,2.0636541694369717,21.97309808731079,23.60476966880281,20.341426505818774,22.50784994577452,21.321153722028825,19.605379251517032,19.144164687646104,21.81355857849121
2021-10-26,23.89150917184468,24.07862374147641,23.655154815751807,23.714242935180664,7534500,0.0,0,-0.005780392581464344,2.05172543818525,22.096199417114256,23.85942247904493,20.332976355183582,22.783598373329625,21.395014183153933,19.381333996087868,19.144164687646104,22.458635330200195
2021-10-27,23.56652149263569,23.63545794443323,23.00517966699579,23.01502799987793,8426100,0.0,0,-0.029485020340473622,1.991230271907291,22.178923511505126,23.951649767205197,20.406197255805054,22.951015988615104,21.591977132462134,19.381333996087868,19.144164687646104,21.73416328430176
2021-10-28,23.133205185680158,23.389256215976143,23.06426873105768,23.37940788269043,5982900,0.0,0,0.01583225894030771,2.0227559451819066,22.29857807159424,24.055983599424966,20.541172543763512,23.059344730894015,21.784014837394523,19.381333996087868,19.144164687646104,22.27007484436035
2021-10-29,23.45819304081539,23.58621949717265,23.310471795953397,23.32032012939453,7210200,0.0,0,-0.002527341735615418,2.0176437496606843,22.394104766845704,24.15561846624503,20.632591067446377,23.147977740422796,22.089306479558743,19.509359785584998,19.144164687646104,22.69681930541992
2021-11-01,23.546823983890267,23.842266446267807,23.50743253214937,23.783178329467773,5218500,0.0,0,0.019847849322180755,2.0576896387897894,22.508835124969483,24.318265432571124,20.699404817367842,23.1972179931779,22.33058457291863,19.548752122522018,19.144164687646104,22.46855926513672
2021-11-02,23.67485218733026,23.96044633839657,23.566522399833985,23.596065521240234,5407800,0.0,0,-0.007867443351576853,2.041500882121484,22.61273260116577,24.421305187587308,20.804160014744234,23.45326877172937,22.50784994577452,20.01627841026911,19.552344106621877,22.121212005615234
2021-11-03,23.42864883376495,24.403611258751518,23.32031904930729,24.334672927856445,7476200,0.0,0,0.03130214255217023,2.1054042337540317,22.760946559906007,24.623619531775113,20.8982735880369,23.704395462873656,22.65064711895902,20.08521540153367,19.62128109788644,22.061664581298828
2021-11-04,24.21649872663528,24.21649872663528,23.674853515521875,23.90135955810547,5935700,0.0,0,-0.01780641848097142,2.0679145248961985,22.880108737945555,24.71389680838736,21.04632066750375,23.704395462873656,22.65064711895902,20.08521540153367,19.62128109788644,21.287572860717773
2021-11-05,24.157409701137063,24.29528261263224,23.80287721057514,23.940750122070312,5795700,0.0,0,0.0016480470020578952,2.071322545229466,22.992869567871093,24.795725800453866,21.19001333528832,23.704395462873656,22.65064711895902,20.08521540153367,19.6212814870592,21.66469383239746
2021-11-08,24.05892647960881,24.25588749895215,23.93090003257711,24.12786293029785,6512700,0.0,0,0.00781566188500693,2.0875113018977713,23.123356914520265,24.85603062619443,21.390683202846102,23.704395462873656,22.65064711895902,20.12214563209622,20.011878707535814,21.704391479492188
2021-11-09,23.88166183038076,24.127864529663032,23.82257370849872,23.970294952392575,8249600,0.0,0,-0.006530540162652199,2.0738787255007374,23.2361177444458,24.87769647960777,21.594539009283828,23.7339399949046,22.65064711895902,20.26001973681118,20.051271337596674,21.79370880126953
2021-11-10,23.92105555019757,24.167258253455863,23.743789303311186,23.80287742614746,8009500,0.0,0,-0.006984374893075906,2.059393978999066,23.356264781951904,24.777412157140244,21.935117406763563,23.857041527352457,22.65064711895902,20.39050673080071,20.08573947912,21.10893440246582
2021-11-11,23.85211689110492,24.009686468777375,23.704395646834172,23.753637313842773,7909600,0.0,0,-0.0020686621799176352,2.0551337885611605,23.454745864868165,24.68460846613467,22.22488326360166,23.861965154029406,22.65064711895902,20.54315255188282,20.08573947912,20.533327102661133
2021-11-12,23.753635780516174,23.861963684187334,23.3301668634653,23.586217880249023,7724000,0.0,0,-0.007048159883125904,2.040648877038167,23.529591464996336,24.586207146642835,22.47297578334984,23.861965154029406,22.65064711895902,20.66379159856276,20.08573947912,21.15855598449707
2021-11-15,23.704394914532443,23.999839272324277,23.536977008630316,23.87181282043457,5243000,0.0,0,0.012108551766780051,2.065358179603605,23.611823177337648,24.489206821681194,22.734439532994102,23.861965154029406,22.65064711895902,20.764734806098687,20.090663453648595,21.17840576171875
2021-11-16,23.970293578356934,24.098318148158924,23.773330678870497,23.88166046142578,4374900,0.0,0,0.00041252170772643204,2.066210184686922,23.682237148284912,24.391057662455008,22.973416634114816,23.81272473804877,22.65064711895902,20.887836346140617,20.213764993690525,21.35704231262207
2021-11-17,23.842267178721787,23.90135717571448,23.458191590156392,23.665002822875977,3882600,0.0,0,-0.009072134615587313,2.0474652477473447,23.707349872589113,24.37471167045129,23.039988074726935,23.81272473804877,22.65064711895902,20.887836346140617,20.213764993690525,21.724239349365234
2021-11-18,23.58621752368128,23.822571871359887,23.349861297625285,23.536975860595703,4569900,0.0,0,-0.005409970294045996,2.03638852157894,23.73787889480591,24.307228152003667,23.168529637608152,23.793027181208725,22.926395546514122,20.880449799561227,20.213764993690525,21.68454360961914
2021-11-19,23.340016103534577,23.536977131378837,22.955938624239927,23.330167770385746,7704600,0.0,0,-0.008786519195789433,2.0184957547440017,23.71818265914917,24.314974932691577,23.121390385606766,23.561598438847895,23.093813161799606,20.880449799561227,20.213764993690525,21.68454360961914
2021-11-22,23.72409143700966,24.049078913747703,23.596064985895524,23.6846981048584,5883900,0.0,0,0.01519621881685218,2.0491692579139786,23.709811687469482,24.3035097321067,23.116113642832264,23.561598438847895,23.202141904078516,21.013399329728884,20.420051217856034,21.704391479492188
2021-11-23,23.881661603156378,24.24604242111332,23.78318014870497,24.21649742126465,5467100,0.0,0,0.022453286676985984,2.095179842711588,23.734924411773683,24.368826121538714,23.101022702008652,23.600990522676625,23.290774913607297,21.07248828279021,20.47914017091736,21.634920120239254
2021-11-24,24.177102874559147,24.51193867586027,24.147559754570903,24.206647872924805,4568800,0.0,0,-0.00040672885795589586,2.0943276726069495,23.794505405426026,24.366941688437308,23.222069122414744,23.7339386500501,23.394178874916776,21.102032231868222,20.508684119995372,22.49833297729492
2021-11-26,23.22183801087178,23.359710918359305,22.69988762364725,23.113508224487305,6513800,0.0,0,-0.04515865452234624,1.9997506527831028,23.78121042251587,24.402416425311564,23.160004419720174,23.60591314975376,23.60591314975376,21.441791712356242,20.848443600483392,23.50068473815918
2021-11-29,23.47788992594203,23.67485283984064,23.005181186638445,23.18244743347168,8162300,0.0,0,0.002982637179731018,2.005715183430285,23.774316787719727,24.418711119771302,23.12992245566815,23.60591314975376,23.60591314975376,21.50580471901514,20.91245660714229,23.27242851257324
2021-11-30,22.83776292513709,22.936244380584878,22.374900648045763,22.40444564819336,13243200,0.0,0,-0.03355995036809667,1.9384034814218267,23.705380153656005,24.585964663386545,22.824795643925466,23.443419661953016,23.443419661953016,21.850489303779618,21.25714119190677,24.40379524230957
2021-12-01,22.896850820965064,23.16275018453526,21.81355857849121,21.81355857849121,8936200,0.0,0,-0.026373652755376065,1.8872807011029955,23.616254806518555,24.826430706848605,22.406078906188505,23.16274862717574,23.16274862717574,21.914501833901674,21.321153722028825,24.929780960083008
2021-12-02,22.160907812995426,22.597576478747094,21.91280091768965,22.458635330200195,13700600,0.17,0,0.02957228410888657,1.943091902189232,23.522452926635744,24.785600158930684,22.259305694340803,23.16274862717574,23.16274862717574,22.08930627824178,21.321153722028825,24.671751022338867
2021-12-03,22.468559454894365,22.547953584339364,21.515829901554344,21.73416328430176,10420100,0.0,0,-0.032258061776542335,1.8804115235709125,23.414093112945558,24.885700681398244,21.94248554449287,23.01388428870731,23.01388428870731,22.27149656053862,21.321153722028825,24.473264694213867
2021-12-06,22.101362084444546,22.63727197935602,21.88302681107977,22.27007484436035,8280900,0.0,0,0.024657565743313903,1.9267778943378473,23.33055934906006,24.862209440552814,21.798909257567306,23.01388428870731,23.01388428870731,22.421679784144267,21.321153722028825,24.59235572814941
2021-12-07,22.458635023423152,22.89530368321008,22.409014402201954,22.69681930541992,7329300,0.0,0,0.01916223739892975,1.963699269764159,23.25900716781616,24.768286187905016,21.749728147727307,23.01388428870731,23.01388428870731,22.61864210999077,21.321153722028825,24.840463638305664
2021-12-08,22.72659065688012,22.92507692526899,22.379240633652262,22.46855926513672,6314800,0.0,0,-0.010056917544772115,1.9439505081254118,23.18392038345337,24.693609082415627,21.67423168449111,22.59534137069749,23.01388428870731,22.763901283048266,21.321153722028825,25.21758460998535
2021-12-09,22.309771885811443,22.4685601496111,22.10136299941392,22.121212005615234,8410200,0.0,0,-0.015459258220461236,1.9138984752525043,23.09983711242676,24.649499179215653,21.550175045637864,22.59534137069749,23.01388428870731,22.980559358751947,21.321153722028825,24.622127532958984
2021-12-10,22.34946948720888,22.379241103057936,21.763937065376016,22.061664581298828,7224200,0.0,0,-0.002691869880424802,1.9087465095927811,23.01523847579956,24.59764323588533,21.43283371571379,22.3392900430448,23.01388428870731,23.17752129091634,21.463950895213323,23.47091293334961
2021-12-13,21.94257492785628,22.021969060451696,21.19825422493476,21.287572860717773,9378600,0.0,0,-0.03508763890995037,1.8417731012935614,22.900306224822998,24.62893929693199,21.171673152714007,22.18050220473501,22.855096450397518,23.17752129091634,21.463950895213323,22.250226974487305
2021-12-14,21.3272683063082,21.833406595442096,21.297494797686664,21.66469383239746,9017500,0.0,0,0.017715545785663256,1.8744011169963306,22.78995027542114,24.53831640547735,21.041584145364933,22.061665575101877,22.855096450397518,23.17752129091634,21.463950895213323,21.93264961242676
2021-12-15,21.80363272075371,21.942573865749463,21.44636008782048,21.704391479492188,8580100,0.0,0,0.0018323659407253334,1.8778357057623722,22.681086826324464,24.41491270922588,20.947260943423046,22.061665575101877,22.855096450397518,23.17752129091634,21.463950895213323,22.79606056213379
2021-12-16,22.00211957788778,22.3494696103146,21.67461855140658,21.79370880126953,7307300,0.0,0,0.004115172814761259,1.8855633242093135,22.587522125244142,24.300480301705015,20.87456394878327,22.061665575101877,22.855096450397518,23.19229355693181,21.463950895213323,23.04416847229004
2021-12-17,21.674617802020155,21.80363255039531,20.920372638312603,21.10893440246582,17185000,0.0,0,-0.031420737289277745,1.8263175343570355,22.466120052337647,24.236541264871953,20.69569883980334,21.922724781790798,22.71615565708644,23.25384432315574,21.463950895213323,23.25257873535156
2021-12-20,20.76158499112406,20.78143399696572,20.09665843867155,20.533327102661133,12154300,0.0,0,-0.02726842051001155,1.7765167398453803,22.326278018951417,24.239306601607467,20.413249436295366,21.510867681970268,22.30429855726591,23.256306136494214,21.463950895213323,22.736515045166016
2021-12-21,20.801281445209632,21.25779912239974,20.801281445209632,21.15855598449707,6393100,0.0,0,0.03044946777061308,1.8306107290592568,22.19997091293335,24.07020218505571,20.32973964081099,21.282609294141324,22.30429855726591,23.256306136494214,21.463950895213323,22.92507743835449
2021-12-22,21.12878513741354,21.307420520655576,20.98984398212909,21.17840576171875,5250300,0.0,0,0.0009381442304581267,1.8323281059529386,22.048066329956054,23.719377041340774,20.376755618571334,21.237949770864745,22.30429855726591,23.256306136494214,21.463950895213323,22.76628875732422
2021-12-23,21.34711780951695,21.585300205323595,21.24787467137116,21.35704231262207,4489200,0.0,0,0.008434844100787542,1.847783507868143,21.90558605194092,23.27147027581651,20.539701828065326,21.223064024493077,22.30429855726591,23.231685928503897,21.463950895213323,23.42129135131836
2021-12-27,21.37689120702975,21.72423934936523,21.18832943482948,21.724239349365234,4564700,0.0,0,0.01719325323086296,1.8795529176347323,21.836122608184816,23.08422807952009,20.58801713684954,21.223064024493077,22.30429855726591,23.231685928503897,21.463950895213323,23.60985374450684
2021-12-28,21.63492109348449,21.85325637866609,21.57537596702834,21.68454360961914,3763600,0.0,0,-0.0018272556800592588,1.8761184938900124,21.761227416992188,22.844390977631484,20.678063856352892,21.223064024493077,22.30429855726591,23.35971136386142,21.463950895213323,23.40144157409668
2021-12-29,21.73416423284836,21.863180881893022,21.55552696057448,21.68454360961914,3712100,0.0,0,0.0,1.8761184938900124,21.725232315063476,22.767125371630122,20.68333925849683,21.223064024493077,22.30429855726591,23.32770580032375,21.463950895213323,24.066368103027344
2021-12-30,21.793708218046493,22.012043491794664,21.684542474077748,21.704391479492188,4150000,0.0,0,0.0009153003277524441,1.8778357057623722,21.719773960113525,22.76089407526698,20.67865384496007,21.054350965233105,22.30429855726591,23.381870171463206,21.463950895213323,24.28470230102539
2021-12-31,21.615073007583653,21.7738612662606,21.575374996461743,21.634920120239254,3959100,0.0,0,-0.00320079737405099,1.871825134166469,21.67858819961548,22.662533855464243,20.694642543766715,21.054350965233105,22.30429855726591,23.44588271814196,21.463950895213323,24.90000915527344
2022-01-03,22.349469221105952,22.5777271067894,22.190680962117007,22.49833297729492,10995500,0.0,0,0.03990829881770397,1.946526490955273,21.716796684265137,22.76440762266285,20.669185745867424,21.689504275999518,21.885755639256097,23.564058762483437,21.5181146037677,24.66182518005371
2022-01-04,22.865531710502555,23.73886712353041,22.865531710502555,23.50068473815918,10302500,0.0,0,0.04455226802251633,2.0332486608932405,21.778327178955077,23.06817371631728,20.488480641592876,22.36435555282975,21.917762781100983,23.60591314975376,21.5181146037677,24.731294631958008
2022-01-05,23.65947467974798,23.86788357194808,23.242655002442312,23.27242851257324,6667200,0.0,0,-0.009712747867950844,2.013500229297136,21.807107639312743,23.200354676573244,20.413860602052242,22.52810650338878,21.982271005309816,23.60591314975376,21.5181146037677,24.641977310180664
2022-01-06,23.808338293800613,24.44349136266059,23.451063746114144,24.40379524230957,9872500,0.0,0,0.04861403824379984,2.1113846064480866,21.903869438171387,23.686601835263144,20.12113704107963,22.815910398745036,22.27007490066607,23.443419661953016,21.5181146037677,24.334325790405277
2022-01-07,24.423642680988728,25.078644714427124,24.25492992129064,24.929780960083008,11494100,0.0,0,0.021553439231514426,2.1568922062575204,22.044297885894775,24.26693481557918,19.82166095621037,23.3170858375008,22.587651576549337,23.16274862717574,21.5181146037677,25.09849548339844
2022-01-10,25.23743445790792,25.3168285910947,24.27477846349948,24.671751022338867,11121300,0.0,0,-0.010350268947701191,2.1345677918315547,22.174802207946776,24.67819983583717,19.671404580056382,23.43617777583459,22.706743514883126,23.16274862717574,21.591975064892807,25.048871994018555
2022-01-11,25.05879713514068,25.108417758444126,24.205308785402185,24.473264694213867,13560200,0.0,0,-0.008045084758892096,2.117395013022669,22.33408679962158,24.993672568613686,19.674501030629475,23.446101793778222,22.706743514883126,23.01388428870731,21.78893801420101,23.719018936157227
2022-01-12,24.60228023094241,24.8503871220512,24.42364296647922,24.59235572814941,8779700,0.0,0,0.004866168671141757,2.1276986142994714,22.48046989440918,25.29601054901348,19.664929239804877,23.446101793778222,22.706743514883126,23.01388428870731,21.9809757191334,23.52053451538086
2022-01-13,24.80076562550513,25.16796467228836,24.72137149280949,24.840463638305664,10708000,0.0,0,0.010088822433235167,2.149164587810579,22.637273502349853,25.609170756604904,19.665376248094802,23.753754776605852,22.706743514883126,23.01388428870731,22.28626736129762,23.699169158935547
2022-01-14,24.294626659418064,25.22750911291574,24.20530802594992,25.21758460998535,10115300,0.0,0,0.015181720324178638,2.181792603513348,22.808467292785643,25.95742918188637,19.659505403684918,24.09118015079863,22.706743514883126,22.8046128297024,22.527545454657506,23.24265480041504
2022-01-18,25.22750895764933,25.336676596306376,24.53280890004056,24.622127532958984,10056900,0.0,0,-0.023612772049175,2.130274432108011,22.9841269493103,26.12614106359815,19.84211283502245,24.289665799374344,22.716667517488965,22.8046128297024,22.7048108275134,22.905229568481445
2022-01-19,24.73129647035948,24.780917094406448,23.460988429959123,23.47091293334961,19197600,0.0,0,-0.04675528538581275,2.0306728430847008,23.131006240844727,26.06673271955214,20.195279762137314,24.39387017121026,22.716667517488965,22.676587165876057,22.7048108275134,24.106067657470703
2022-01-20,22.160908338626264,22.895304539001724,21.88302792784686,22.250226974487305,18409900,0.0,0,-0.05200845669398069,1.9250606824654874,23.18558979034424,26.009888767404878,20.3612908132836,23.60985226207662,22.716667517488965,22.517799327566266,22.7048108275134,24.006824493408203
2022-01-21,22.210528119767183,22.26015063386752,21.605148590986,21.93264961242676,16730300,0.0,0,-0.014272994267639838,1.8975843023797987,23.22330198287964,25.957116919841212,20.489487045918068,23.47091259364619,22.716667517488965,22.458381012749697,22.7048108275134,21.942575454711918
2022-01-24,21.42651135077445,22.89530369754368,21.19825346436545,22.79606056213379,18654000,0.0,0,0.03936646802663679,1.972285494147281,23.295252895355226,25.900153196170695,20.690352594539757,23.267465030335913,22.716667517488965,22.458381012749697,22.7048108275134,23.19303321838379
2022-01-25,22.617426189113285,23.222805745338917,22.101363376506644,23.04416847229004,16217300,0.0,0,0.010883806413831909,1.9937514676583887,23.361249351501463,25.86756515658727,20.85493354641566,23.267465030335913,22.716667517488965,22.458381012749697,22.7048108275134,23.25257873535156
2022-01-26,23.312123860734943,23.88773178718869,22.825834568808965,23.25257873535156,15991400,0.0,0,0.00904394807354958,2.0117828524034547,23.439651107788087,25.825175438975258,21.054126776600917,23.267465030335913,22.716667517488965,22.31944021943862,22.7048108275134,22.43878746032715
2022-01-27,23.58007884221538,23.77856321670001,22.627347408811,22.736515045166016,11703300,0.0,0,-0.022193826158341645,1.9671336935088797,23.49224967956543,25.763081325115625,21.221418034015233,23.267465030335913,23.068979020758004,21.90758311961809,22.30429855726591,21.099010467529297
2022-01-28,22.647197034971903,22.93500194128659,22.30977150690212,22.92507743835449,10778000,0.0,0,0.008293372700868717,1.9834478663815853,23.553283977508546,25.68878574121506,21.41778221380203,23.267465030335913,23.16326028921773,21.793453925703616,22.30429855726591,21.23794937133789
2022-01-31,22.69681913098629,22.97469763633799,22.210527960810136,22.76628875732422,12377100,0.0,0,-0.0069264185238742115,1.9697096763387412,23.609852409362794,25.59191562092844,21.62778919779715,22.98958527938595,23.26250301556793,21.771124164065327,22.30429855726591,22.280000686645508
2022-02-01,22.82583442258294,23.46098747035117,22.597576532654408,23.42129135131836,9480200,0.0,0,0.02877072328195851,2.026379648382479,23.656000328063964,25.573642518084856,21.738358138043072,22.54299262577707,23.26250301556793,21.763681290879493,22.30429855726591,22.0
2022-02-02,23.331973332331348,23.659474367832072,23.12356254997337,23.60985374450684,6407900,0.0,0,0.008050896526585749,2.042693821255186,23.66145877838135,25.577909729084418,21.74500782767828,22.54299262577707,23.267465030335913,21.763681290879493,22.30429855726591,21.90999984741211
2022-02-03,23.738867092829206,23.99689848320733,23.302198440427347,23.40144157409668,8488300,0.0,0,-0.008827338477632396,2.0246622714887983,23.66790943145752,25.57989413942366,21.75592472349138,22.59757597378639,23.267465030335913,21.763681290879493,22.30429855726591,22.71999931335449
2022-02-04,23.520533707337307,24.304550488032376,23.520533707337307,24.066368103027344,7084600,0.0,0,0.02841391316963482,2.0821908494687165,23.651038074493407,25.5423721871649,21.759703961821913,23.202956932269508,23.267465030335913,21.763681290879493,22.30429855726591,22.790000915527344
2022-02-07,24.175536553952107,24.41371894698299,23.98697478296313,24.28470230102539,6480200,0.0,0,0.009072170635110677,2.1010808401499625,23.618784141540527,25.44183275641287,21.79573552666818,23.31212345389656,23.267465030335913,21.679324761249507,22.30429855726591,23.540000915527344
2022-02-08,24.71144737732329,25.03894841644436,24.61220423667029,24.90000915527344,10191400,0.0,0,0.025337220387588122,2.154316388448981,23.630197048187256,25.482413486737244,21.777980609637268,23.624738188627248,23.267465030335913,21.679324761249507,22.30429855726591,23.270000457763672
2022-02-09,24.86030955579117,24.959552690112574,24.58243105117766,24.66182518005371,7870100,0.0,0,-0.009565617977665974,2.1337090208740532,23.639625072479248,25.51093984196027,21.768310302998227,23.624738188627248,23.267465030335913,21.787629957627807,22.30429855726591,22.950000762939453
2022-02-10,24.69159662134701,25.177887786805083,24.59235538063017,24.731294631958008,8593400,0.0,0,0.0028168820189546917,2.1397194274486346,23.646572017669676,25.533117821726048,21.760026213613305,23.69420787380761,23.267465030335913,22.141059166965366,22.30429855726591,22.780000686645508
2022-02-11,24.4633400387511,25.29697937681879,24.423643918936435,24.641977310180664,11539900,0.0,0,-0.00361151015773864,2.1319918090016934,23.636647701263428,25.499655018109202,21.773640384417654,23.9472779547366,23.267465030335913,22.255188754349298,22.30429855726591,23.43000030517578
2022-02-14,24.72137195796598,24.999252374082022,24.155688515252493,24.334325790405277,8571700,0.0,0,-0.012484855249350613,2.105374199873506,23.592484760284425,25.34062133602904,21.844348184539808,24.21027096339608,23.267465030335913,22.542992649705553,22.30429855726591,22.700000762939453
2022-02-15,24.69159841667157,25.25728375157725,24.62212878595652,25.09849548339844,7950600,0.0,0,0.03140295316069386,2.171489167257867,23.616303157806396,25.432318814857528,21.800287500755264,24.29958890862307,23.267465030335913,22.95236870702507,22.587651576549337,22.899999618530277
2022-02-16,24.77099158904144,25.37637302103551,24.76106897895779,25.048871994018555,6396100,0.0,0,-0.0019771499615468535,2.1671958075343234,23.695201110839843,25.6144225253617,21.775979696317986,24.448453364186406,23.287313242700478,23.071460645358858,22.706743514883126,23.440000534057617
2022-02-17,24.86031028192548,24.86031028192548,23.570155176779696,23.719018936157227,17784200,0.0,0,-0.053090337088986916,2.052138651574487,23.76864070892334,25.568516900054604,21.968764517792074,24.473264098907602,23.287313242700478,23.076422654330674,22.706743514883126,23.030000686645508
2022-02-18,23.73886790257661,24.07629343281893,23.45106299440888,23.52053451538086,16611500,0.0,0,-0.00836815474158581,2.0349660377869223,23.848034954071046,25.4433272563682,22.252742651773893,24.413718007722196,23.287313242700478,23.076422654330674,22.706743514883126,23.229999542236328
2022-02-22,23.57015440978141,24.02667017607104,23.401441649868868,23.699169158935547,10644100,0.0,0,0.0075948377549783785,2.0504212746808053,23.893190383911133,25.415504382890898,22.370876384931368,24.38890733545219,23.287313242700478,23.230249145744487,22.706743514883126,22.649999618530277
2022-02-23,23.88773237106769,24.05644514119889,23.173185170285507,23.24265480041504,8168200,0.0,0,-0.01926288451122271,2.0109242464672747,23.90311470031738,25.405400165720742,22.40082923491402,24.274779095660506,23.287313242700478,23.398961832840875,22.706743514883126,22.26000022888184
2022-02-24,22.34947062705864,22.994548206394725,21.833407806427584,22.905229568481445,14344400,0.0,0,-0.014517499607126116,1.9817306545092257,23.885747241973878,25.425685902988167,22.345808580959588,23.604890413731546,23.287313242700478,23.503166658431653,22.716667517488965,21.46999931335449
2022-02-25,23.13348715694825,24.17553728759971,23.13348715694825,24.106067657470703,8958500,0.0,0,0.052426372126025855,2.085625603256079,23.954224872589112,25.401714027461363,22.50673571771686,23.604890413731546,23.287313242700478,23.555268844349612,22.716667517488965,21.46999931335449
2022-02-28,23.26250378350551,24.18546176664972,23.26250378350551,24.006824493408203,12837500,0.0,0,-0.004116937091219963,2.077039213851636,24.008312225341797,25.375720916088795,22.6409035345948,23.604890413731546,23.287313242700478,23.163259889782793,22.716667517488965,21.31999969482422
2022-03-01,23.719019924027396,23.719019924027396,21.8234833065066,21.942575454711918,15189800,0.0,0,-0.08598592617957812,1.8984430733373003,23.96712656021118,25.520780954288195,22.413472166134166,23.599928163771054,23.287313242700478,23.093790055567577,22.716667517488965,20.81999969482422
2022-03-02,22.458635148464715,23.3716685915179,22.409014526967248,23.19303321838379,11277300,0.0,0,0.0569877390305773,2.0066310517650536,23.95571365356445,25.528682755089143,22.38274455203976,23.34189679421604,23.599928163771054,22.99206627391244,22.716667517488965,20.420000076293945
2022-03-03,23.26250323839969,23.43121600440711,22.825834568808965,23.25257873535156,8011800,0.0,0,0.002567388077578947,2.011782852403455,23.937849903106688,25.534320342441195,22.34137946377218,23.00447253657816,23.599928163771054,22.99206627391244,22.716667517488965,20.75
2022-03-04,22.53802870077775,22.865531608723927,22.101361942660173,22.43878746032715,10699300,0.0,0,-0.03499789353630611,1.9413746903168727,23.889717197418214,25.60305616583386,22.17637822900257,23.00447253657816,23.599928163771054,22.99206627391244,22.716667517488965,21.13999938964844
2022-03-07,22.131134161016988,22.31969593024368,21.089085964632588,21.099010467529297,16306200,0.0,0,-0.05970808338760025,1.8254589284208562,23.741349315643312,25.84250744014172,21.640191191144904,22.637273865641156,23.232729492834046,23.16822202554696,22.716667517488965,20.81999969482422
2022-03-08,21.52575427187061,21.87310429589428,21.049387605226983,21.23794937133789,16081500,0.0,0,0.006585090993836751,1.8374797415700193,23.589011669158936,25.94027793092194,21.23774540739593,22.617424685938353,23.212880313131244,23.215362659776822,22.716667517488965,20.93000030517578
2022-03-09,22.180757546685875,22.498334080232347,21.892952630093475,22.280000686645508,10750000,0.0,0,0.04906553345088671,1.9276366652953496,23.45801124572754,25.794248559705483,21.121773931749598,22.617424685938353,23.212880313131244,23.12604414747694,22.716667517488965,20.729999542236328
2022-03-10,21.93000030517578,22.34000015258789,21.75,22.0,8808200,0.17,0,-0.012567355386723045,1.9034113702661053,23.324919986724854,25.675065348352614,20.974774625097094,22.617424685938353,23.212880313131244,22.902747820672502,22.716667517488965,20.920000076293945
2022-03-11,22.229999542236328,22.600000381469727,21.8799991607666,21.90999984741211,8355500,0.0,0,-0.004090916026722291,1.8956246741860383,23.183855247497558,25.517862415095166,20.84984807989995,22.384203764627188,23.212880313131244,22.905228828056494,22.716667517488965,21.68000030517578
2022-03-14,22.459999084472656,23.32999992370605,22.34000015258789,22.71999931335449,10280300,0.0,0,0.03696939623840545,1.9657047738853202,23.08775634765625,25.32915536448355,20.846357330828948,22.240301804817044,23.212880313131244,22.932520502061152,22.716667517488965,
2022-03-15,22.81999969482422,23.13999938964844,22.479999542236328,22.790000915527344,10312400,0.0,0,0.003081056526780257,1.9717612214086226,23.010540103912355,25.179294463008684,20.841785744816026,22.240301804817044,23.212880313131244,23.23521098130271,22.716667517488965,
2022-03-16,23.209999084472656,23.90999984741211,23.0,23.540000915527344,9562400,0.0,0,0.03290916936686061,2.036650245394967,22.9326153755188,24.895817700345308,20.969413050692292,22.479693726319546,23.212880313131244,23.289794242116237,22.716667517488965,
2022-03-17,23.100000381469727,23.280000686645508,22.700000762939453,23.270000457763672,7486800,0.0,0,-0.011469857572757203,2.0132901571547657,22.843671798706055,24.55821955557902,21.12912404183309,22.479693726319546,23.212880313131244,23.44610160948158,22.716667517488965,
2022-03-18,23.149999618530277,23.170000076293945,22.520000457763672,22.950000762939453,24226400,0.0,0,-0.013751598131896747,1.9856041999906702,22.805220890045167,24.47287107362741,21.137570706462924,22.479693726319546,23.212880313131244,23.44610160948158,22.716667517488965,
2022-03-21,23.06999969482422,23.34000015258789,22.6200008392334,22.780000686645508,6842000,0.0,0,-0.0074074104855137435,1.970896014619579,22.7681941986084,24.402876672050308,21.13351172516649,22.829999923706055,23.212880313131244,23.480836452071763,22.716667517488965,
2022-03-22,23.200000762939453,23.65999984741211,23.09000015258789,23.43000030517578,6519000,0.0,0,0.028533783974437066,2.027133135736813,22.75473575592041,24.362457821848054,21.147013689992768,22.829999923706055,23.212880313131244,23.607371492536256,22.716667517488965,
2022-03-23,23.15999984741211,23.34000015258789,22.649999618530277,22.700000762939453,6623200,0.0,0,-0.031156616847122676,1.9639745253285548,22.727603054046632,24.319540482993155,21.13566562510011,22.894999504089355,23.212880313131244,23.738867996866,22.716667517488965,
2022-03-24,22.940000534057617,23.170000076293945,22.76000022888184,22.899999618530277,6345000,0.0,0,0.008810521976604813,1.981278166045454,22.72734155654907,24.319162643376462,21.13552046972168,23.125,23.212880313131244,23.78352696947949,22.716667517488965,
2022-03-25,23.040000915527344,23.440000534057617,22.88999938964844,23.440000534057617,6263500,0.0,0,0.023580826398371668,2.027998342525856,22.69403820037842,24.193290960638247,21.19478544011859,23.19499969482422,22.95484894357623,23.867883303443442,22.73651572985353,
2022-03-28,23.209999084472656,23.350000381469727,22.57999992370605,23.030000686645508,5919200,0.0,0,-0.017491460668543568,1.9925256892816934,22.645197010040285,24.028121047443094,21.262272972637476,23.21500015258789,22.617424685938353,23.880288670804042,22.73651572985353,
2022-03-29,23.600000381469727,23.61000061035156,23.049999237060547,23.229999542236328,6285000,0.0,0,0.008684274842718276,2.0098293299985923,22.709568214416503,24.075238057886878,21.34389837094613,23.09000015258789,22.617424685938353,23.850515625211337,22.73651572985353,
2022-03-30,23.18000030517578,23.25,22.43000030517578,22.649999618530277,9412200,0.0,0,-0.024967711370441736,1.9596484913833392,22.68241653442383,24.02983294772662,21.335000121121038,23.045000076293945,22.617424685938353,23.838110289076333,22.73651572985353,
2022-03-31,22.56999969482422,22.82999992370605,22.229999542236328,22.26000022888184,11027800,0.0,0,-0.017218516389261862,1.925906251717263,22.63278760910034,23.96542411246014,21.30015110574054,22.94499969482422,22.617424685938353,23.78104616918049,22.73651572985353,
2022-04-01,22.739999771118164,22.799999237060547,21.34000015258789,21.46999931335449,11893600,0.0,0,-0.03548970832903864,1.8575564005747451,22.58434820175171,24.00989997015361,21.158796433349806,22.5,22.617424685938353,23.446101828216012,22.73651572985353,
2022-04-04,21.38999938964844,21.709999084472656,20.950000762939453,21.46999931335449,7694500,0.0,0,0.0,1.8575564005747451,22.60289764404297,23.957816037820457,21.24797925026548,22.280000686645508,22.56773126479459,23.446101828216012,22.73651572985353,
2022-04-05,21.299999237060547,21.690000534057617,21.239999771118164,21.31999969482422,6923300,0.0,0,-0.006986475236492873,1.844578628781741,22.607000160217286,23.94558478164837,21.2684155387862,22.280000686645508,22.43000030517578,23.446101828216012,22.73651572985353,
2022-04-06,21.209999084472656,21.290000915527344,20.739999771118164,20.81999969482422,9205700,0.0,0,-0.02345215793419464,1.8013192794575115,22.53400011062622,24.081354462551328,20.986645758701112,22.175000190734863,22.324999809265137,23.443620703235766,22.73651572985353,
2022-04-07,20.670000076293945,20.850000381469727,19.96999931335449,20.420000076293945,11362800,0.0,0,-0.01921227782869339,1.7667118330023919,22.455000114440917,24.248041278439477,20.661958950442358,21.789999961853024,21.9399995803833,23.470912478993547,22.73651572985353,
2022-04-08,20.61000061035156,20.90999984741211,20.350000381469727,20.75,7765500,0.0,0,0.016160623039818578,1.7952629969555305,22.397000122070313,24.328089933019562,20.465910311121064,21.789999961853024,21.9399995803833,23.30220035017461,22.73651572985353,
2022-04-11,20.850000381469727,21.61000061035156,20.81999969482422,21.13999938964844,9620400,0.0,0,0.018795151308358626,1.829005236621607,22.31800012588501,24.31856157165778,20.31743868011224,21.609999656677246,21.9399995803833,23.30220035017461,22.73651572985353,
2022-04-12,21.11000061035156,21.450000762939453,20.61000061035156,20.81999969482422,7958400,0.0,0,-0.015137166701192806,1.801319279457511,22.219500064849854,24.310356758091114,20.128643371608593,21.39999961853027,21.9399995803833,22.9350016792376,23.088827233122572,
2022-04-13,20.559999465942383,20.950000762939453,20.540000915527344,20.93000030517578,5263900,0.0,0,0.005283410757153328,1.8108363891156645,22.089000034332276,24.15937565336825,20.0186244152963,21.38499927520752,21.9399995803833,22.9151524995348,23.1831085015823,
2022-04-14,20.899999618530277,21.059999465942383,20.520000457763672,20.729999542236328,7050700,0.0,0,-0.00955569804220191,1.793532583377444,21.96199998855591,24.038691311192665,19.885308665919155,20.839999198913574,21.9399995803833,22.9151524995348,23.212880313131244,
2022-04-18,20.600000381469727,20.940000534057617,20.600000381469727,20.920000076293945,4173300,0.0,0,0.009165486649939325,1.8099711823266211,21.860499954223634,23.932491835234632,19.788508073212636,20.829999923706055,21.9399995803833,22.9151524995348,23.212880313131244,
2022-04-19,21.100000381469727,21.75,20.940000534057617,21.68000030517578,7637700,0.0,0,0.036328882701250675,1.875725413102009,21.805499935150145,23.834430136567995,19.776569733732295,20.859999656677246,21.9399995803833,22.798542038879216,23.212880313131244,
